576.976	-0.06767401287270045	-0.1268852521997947	-2.259676322268619	-0.00020693141517249292	-0.0005170224462274751
577.016	-0.06767634201276604	-0.12688466838277845	-2.2596536852060933	0.00023808657757283562	0.0011519170790263377
577.055	-0.06767744963793262	-0.12688136229799596	-2.2596425009658314	-0.00017216391385199004	-0.0003287372745632045
577.096	-0.0676780947597087	-0.12688419261752654	-2.259608997051283	3.0473018439729267e-05	0.0011795476170381482
577.135	-0.06768166014923165	-0.12688043529438772	-2.2595976859568383	0.0003190740963582211	0.0022199982711273835
577.175	-0.06767544729734984	-0.126885806175919	-2.2595706763909487	-0.0002117201023957888	-0.0005636809305656643
577.216	-0.06767856110803706	-0.12688573358751473	-2.2595436393546677	0.00020035867282290314	0.001251260079137389
577.256	-0.06767858180240555	-0.12688328239614005	-2.2595391626856576	0.00022316068304498477	0.0005082050179156112
577.296	-0.06767976231138909	-0.1268846549480715	-2.259504023893801	-0.00023204853988880212	-0.0003151456707616995
577.341	-0.06768509296410945	-0.12688095266722632	-2.2594873311515027	0.00022787244162834834	0.00210763091905364
577.388	-0.06767670789654996	-0.12688607577513306	-2.2594687703536986	0.00010471288159007451	-0.0005326538503855069
577.436	-0.06768100555173728	-0.12688454710224603	-2.2594395548373836	-0.00021055127615178423	-0.00027831816812567484
577.479	-0.06768137251820551	-0.12688527863850074	-2.2594224004160504	0.00015913145502635998	0.0014335992803028174
577.524	-0.06768072549939895	-0.1268839020110706	-2.2594078406279903	0.00012593561743151277	-0.0001455652275180425
577.568	-0.06768601048570629	-0.12688202773144716	-2.259380887336132	-0.00019224100152601353	-0.00022522423739476937
577.612	-0.06768041121244325	-0.1268868068295515	-2.2593602105151227	0.00016105873804498773	0.0015090600356164109
577.656	-0.0676821965979634	-0.1268845397543633	-2.259337147952947	-0.00014485848175521432	0.0004944811283109481
577.656	-0.0676822675499381	-0.12688600137695563	-2.259317274875029	-4.750255702673197e-05	0.0005394409989565509
577.7	-0.06768341437554184	-0.12688456201933257	-2.2593008164134973	0.00026052965799340045	0.0012268144853830494
577.736	-0.06768605737809479	-0.12688256323744976	-2.2592790876259907	-0.00017966604095932896	-0.0002160171285805128
577.776	-0.06768393362845082	-0.1268863893343547	-2.2592516598240753	0.00018315901529987824	0.0018583126584416783
577.82	-0.06768529362044196	-0.12688370633534193	-2.2592354738657114	0.00012348355445752028	5.211041103338423e-07
577.864	-0.06768293018112806	-0.12688694966770372	-2.2592118641629564	-9.878730158975827e-05	9.861390060559707e-05
577.908	-0.06768562285033845	-0.12688646860379174	-2.2591879344632515	0.0002503397663497859	0.0018752000124026096
577.952	-0.06768643302705073	-0.1268830887346455	-2.2591780932058687	-4.652989138098342e-05	-0.0007579861041515979
577.996	-0.06768636902277232	-0.12688653182056386	-2.259142013166478	-7.892782785687814e-05	0.0006122836014148785
578.04	-0.06769021927992079	-0.1268833908691949	-2.2591263448288936	0.0002887015520955332	0.002448090428901678
578.088	-0.06768361247562368	-0.12688781212141245	-2.259105220246888	-0.00021269410410564328	-0.0007459701438166597
578.132	-0.0676878957720867	-0.12688733073405248	-2.259075145188619	-0.00021057912246351217	-0.0007152844079852262
578.18	-0.06768983463220893	-0.12688602262083504	-2.2590616409265225	0.0002535120715918722	0.0017119005721561143
578.18	-0.0676880848872785	-0.1268870040813182	-2.2590356512990217	-0.000204932738229372	-0.00019062635145496943
578.228	-0.06769427009785964	-0.1268836919631408	-2.2590138657189076	0.00010898986529333275	0.002423710536428285
578.256	-0.06768690356283324	-0.12688921791945695	-2.2589954091725413	0.0001892661565240667	0.0011414394868739961
578.296	-0.06768944499559004	-0.12688709308150803	-2.2589696291671664	-0.00021997929113291961	-0.0008747383147205719
578.34	-0.06769039193893871	-0.12688779109050938	-2.2589492730731187	-4.8790620764386535e-06	0.0008863390404496384
578.383	-0.06769073034677883	-0.126887420134429	-2.258930491842483	0.00027330268623850564	0.0016898075502604045
578.427	-0.06769460410894587	-0.12688421433768735	-2.2589100830869295	-0.0002481509857394124	-0.0005895213215116362
578.471	-0.06769032475829463	-0.12688956493321202	-2.2588822068942704	6.829887491163731e-05	0.001339821488273042
578.515	-0.06769133993817159	-0.1268878530836814	-2.2588647606840895	0.0002557050455993954	0.0011183999776017072
578.563	-0.06769050283880303	-0.12688852686626667	-2.258845031032974	-0.00010154562163396089	-5.45450426835471e-06
578.611	-0.06769415328365729	-0.1268878829508504	-2.258818262443776	0.00019771023384228487	0.0019094269353771935
578.659	-0.07523558709904062	-0.12878322372313106	-2.2865374572003	0.2305521735879344	-1.0441884962364771
578.659	-0.08631488760903415	-0.12982429585107452	-2.3270457414009234	0.18020303806167984	-0.9897560876823004
578.703	-0.09798036846464568	-0.12900780395776618	-2.368553885082621	0.21371456538077568	-1.0694449943117643
578.736	-0.10975861578661539	-0.13178067608243088	-2.412519463422118	0.3066237462415427	-1.1122582679753077
578.783	-0.1219974732533877	-0.13799348347077595	-2.45694076573682	0.35013346098736603	-1.1146466297141961
578.831	-0.13481795612013617	-0.1447695511505548	-2.500310134449735	0.39391246111015055	-0.8079503106082105
578.879	-0.1492704892590457	-0.1556894217750514	-2.509910455948625	0.44835328594685603	-0.03585813376026528
578.923	-0.16329641189935545	-0.16597447524741832	-2.5089268288269766	0.4236829787177183	0.07058071764887824
578.967	-0.177814667274293	-0.17613198313037165	-2.509870261623769	0.5377051282680515	-0.44703554735215845
579.011	-0.19477293839420812	-0.18821312071811186	-2.532209387372411	0.49050697491402373	-0.6806595349107387
579.055	-0.21019428160512255	-0.1985257926005944	-2.5637866887693592	0.44369760424873195	-0.877605213523282
579.099	-0.22529154218102884	-0.20807763367718113	-2.5972059975847377	0.4768932575061907	-0.523664723027336
579.099	-0.24196472529313615	-0.21841488538395645	-2.6094594346572477	0.47048638824592875	-0.17070669363234098
579.143	-0.25983955784535406	-0.22862600260829802	-2.624894177947412	0.5293509834629516	-0.5371682109854271
579.175	-0.27812414750754716	-0.23875603294930703	-2.6478033108029297	0.5327819606377651	-0.43297663355306676
579.219	-0.29643539924029666	-0.2483876553830051	-2.6620338380126896	0.5422841812300152	-0.4812595986291059
579.267	-0.3155433110653907	-0.2581048845050022	-2.6821753014790573	0.5353330200260008	-0.4692132424398071
579.315	-0.3348948248375385	-0.26748526604940653	-2.7019411669718942	0.5349479466107048	-0.5194330867937579
579.359	-0.35445656163842865	-0.27647601077609935	-2.722165192209958	0.5402586198000612	-0.49557522519269454
579.407	-0.3742945947863151	-0.2850711560048615	-2.741861487098959	0.5415120917960518	-0.48522796075240066
579.455	-0.3943591253177833	-0.293316541248858	-2.761134843478874	0.542955350392563	-0.47693233395499474
579.503	-0.414651545462722	-0.3012005409250815	-2.780221252158564	0.5446440116176178	-0.48005323205519124
579.503	-0.4351378182696642	-0.30872079827287313	-2.7993358594961446	0.5453259528329643	-0.47449168878733905
579.551	-0.4557589408114177	-0.3158383599161031	-2.8183799465359636	0.5449201981910343	-0.47435317747754047
579.576	-0.47648911061441346	-0.3225605648240915	-2.837379458571929	0.5437049521315217	-0.46823732030199505
579.623	-0.4972791854482772	-0.3288726318459932	-2.8563774537611466	0.5405999177955081	-0.47758851129749613
579.671	-0.5180699432596687	-0.33474496391702063	-2.8756119706859775	0.5392852600544945	-0.48075572334272587
579.718	-0.5389668074225127	-0.3402681165659816	-2.894730319005554	0.5403836373548206	-0.47318690364871846
579.766	-0.5600004082511187	-0.34535788031851866	-2.9137426838797387	0.5390875547772821	-0.4656164214135064
579.81	-0.5811229463709657	-0.35004561385418015	-2.9326697044876626	0.5440869032548458	-0.48829844715261933
579.858	-0.602369978532455	-0.35434288876095354	-2.9517843959808387	0.5405644132007918	-0.4689580907881378
579.858	-0.6236098587451018	-0.35821469232694036	-2.9704310064831456	0.5381368486844532	-0.46727866992117006
579.906	-0.644893691774344	-0.3617031925650883	-2.9893607444628882	0.5391205030566937	-0.4725846755007661
579.935	-0.6662404943977825	-0.3647918609633822	-3.0082554960405674	0.5397557715926244	-0.46878671646984615
579.978	-0.6876261250230624	-0.36745375983919215	-3.027081368852287	0.5387465777540675	-0.46993657843379527
580.022	-0.7090523782607406	-0.3697337621339816	-3.0455794792229574	0.5384664058452607	-0.4540623429899574
580.066	-0.7306239011685838	-0.3716252197976669	-3.0643510116816155	0.543467114533722	-0.48069409930280854
580.11	-0.752254729258865	-0.37310056933323943	-3.0831892849214317	0.5402516895717254	-0.45970204605494963
580.154	-0.7737610757977516	-0.374152198080133	-3.1014049368555305	0.5366785319431656	-0.4548020813520641
580.198	-0.7952808440708643	-0.3748275135264273	-3.120056569183401	0.5387102963965293	-0.47580307347421363
580.242	-0.8168192780242781	-0.3750893297406276	-3.138863857505039	0.5386798679765997	-0.47220878310392134
580.286	-0.8383901286955212	-0.3749342953748692	3.1254100308831774	0.5401238324848575	-0.4732124557515989
580.33	-0.8600813090462658	-0.3743602568131338	3.107108864962759	0.5451284116896552	-0.4538955019755466
580.374	-0.8819131378586351	-0.373407091465525	3.088355895707948	0.5464160716769956	-0.47030598387341976
580.418	-0.9037056196958101	-0.37202047678519984	3.0698887826115557	0.5425773749250582	-0.43662627243019464
580.418	-0.9253098831936246	-0.3702724877687543	3.051534450497032	0.5420628443029195	-0.4646147126761564
580.462	-0.9468294957895329	-0.3681180859141876	3.0324256358538455	0.539349173802815	-0.48349807516400156
580.496	-0.9682957927083922	-0.365541018829161	3.013287144603437	0.5417974895403973	-0.47622152658388833
580.538	-0.989845306317808	-0.3625397160272208	2.9944147756526496	0.5460829384426391	-0.47522119813059077
580.582	-1.0114001745953167	-0.35911919074662424	2.97580540946265	0.54744929048098	-0.4599787986966434
580.626	-1.0329765130958997	-0.35530703195546	2.957076376403206	0.5485259556272966	-0.474968239518838
580.67	-1.054437764603651	-0.35108343350593174	2.9383800834240987	0.5427248862115659	-0.46583785154131724
580.714	-1.0755807008438067	-0.3465194737916601	2.91941062847013	0.5407275665142848	-0.4750947188921575
580.758	-1.096623236540927	-0.3415411627098775	2.9000688444403346	0.5400733502684747	-0.4766597509254071
580.802	-1.1175627171400915	-0.33615021578321724	2.880941115574645	0.5420851023262806	-0.4862662506096566
580.846	-1.1385680600612293	-0.33032366531850604	2.861851948921515	0.5494116770739905	-0.48015114382529067
580.89	-1.1595599764427755	-0.32408097086487275	2.842746548184612	0.5471565216166594	-0.4724585723922204
580.934	-1.180388071134933	-0.3174415495694815	2.823714076665337	0.5444855033362432	-0.4665741489517734
580.977	-1.200873218622606	-0.3104826140373711	2.804678350720411	0.5394022946498838	-0.48197186847195406
580.977	-1.221169967651091	-0.3031523116290487	2.785361587540637	0.539018676685525	-0.4854840897716847
581.021	-1.2413126543986301	-0.2954252949341424	2.7660645107949793	0.5414707234785362	-0.4704665975738697
581.056	-1.2613705872115544	-0.28730649339465136	2.746593253132254	0.5409792880228189	-0.4931189122839955
581.097	-1.2813355499618528	-0.27874233287920447	2.726907366563364	0.5429097297170752	-0.4839680377926195
581.141	-1.301062824830522	-0.2698102749206159	2.7071669415725266	0.5409406283174041	-0.4850381207515283
581.185	-1.3205769145727035	-0.26046822009238235	2.6882134721620354	0.5416501572524614	-0.4698427721504083
581.229	-1.339925106545814	-0.2507989073289134	2.6692890889926577	0.5421211289554994	-0.48517708808284926
581.273	-1.3591127906644656	-0.24078210067980504	2.649606584909392	0.540352922186844	-0.502364991067444
581.317	-1.3781038382549733	-0.23034816461880891	2.629555294229638	0.5417541451067088	-0.5034404431486705
581.361	-1.3968652352730764	-0.21955567621660538	2.6093730492348826	0.540742273317643	-0.5072197499358291
581.405	-1.4153811701525423	-0.20835487416781598	2.590084718190763	0.5414661616683603	-0.4719814223808763
581.449	-1.4337181497727574	-0.19682743732095243	2.571489783725259	0.5406006466318981	-0.4688282046096046
581.493	-1.4517767071256735	-0.1849540377647803	2.55263681327667	0.5395520437803754	-0.47725071617415254
581.537	-1.4696476077900427	-0.17277398325812018	2.533425792713852	0.5397638118704833	-0.49615213484901693
581.537	-1.4872712786913038	-0.16024445083255215	2.513314574536173	0.5409244950071694	-0.5058994938679771
581.581	-1.5046307307749391	-0.14736458387415552	2.493129590946786	0.5395383461664169	-0.503610483565255
581.616	-1.5216948805999337	-0.13413494006982515	2.4731535613660403	0.5400879083882459	-0.4786268565396228
581.657	-1.5385375229025338	-0.12056813569532734	2.4542846232844866	0.5411598565030228	-0.46856864889947275
581.701	-1.5551224490362654	-0.10665183816891435	2.4355384218371885	0.5409787321467704	-0.4780505296842743
581.745	-1.5714028713540955	-0.0924524740453258	2.416591705498007	0.5410914121175674	-0.4662153707548491
581.789	-1.58745436016486	-0.07797237587661235	2.397244475348362	0.5409490452687317	-0.4946203750665369
581.833	-1.6032324356327037	-0.06314387989997476	2.3774549010086568	0.5416025679474774	-0.4937069034331369
581.877	-1.6187069170015536	-0.04801988390773165	2.3578068283431284	0.5391919315161835	-0.4948807772213164
581.921	-1.6338479362588765	-0.032614362617566436	2.33867693804045	0.541479839143086	-0.46593565213042804
581.965	-1.6487103131919423	-0.016897145016253057	2.3198530232881174	0.5405239570562759	-0.48217854746729005
582.009	-1.663286671342016	-0.0009046914030074182	2.3004879468508825	0.5426594909041575	-0.4788357281675051
582.053	-1.6775700355544325	0.015373495920330285	2.2808855653661193	0.5412451197165874	-0.4993950714549108
582.097	-1.6915352841471583	0.03194266121103291	2.26099005517193	0.5423562579049572	-0.49709089570117765
582.097	-1.7052035390595957	0.04883491048126923	2.2409706124882955	0.5421514840415721	-0.497731536425767
582.141	-1.7184738478333619	0.06594026443521393	2.2211963005420032	0.5414840227627078	-0.4928142346547898
582.176	-1.7314110800194091	0.08330030220711537	2.201558435719272	0.5414651053699481	-0.4908548419697345
582.217	-1.7439696290154423	0.10087406898504285	2.1822169983681916	0.5408777843757077	-0.4860167581861975
582.264	-1.7562450752627572	0.11874607724356732	2.162649348881958	0.5410914468285216	-0.48691905598417373
582.312	-1.7681754089294999	0.13687632514245335	2.143135808025844	0.5425122844121111	-0.4894212936421118
582.357	-1.7797583286960854	0.15524936666194922	2.123539894048877	0.5439065204374707	-0.4874644747920791
582.401	-1.79097244015402	0.17383694317330511	2.104013550092945	0.5431258359402586	-0.4886926255776109
582.445	-1.8018160725257206	0.19262583359257368	2.0845351994443955	0.5411562140246368	-0.4844575295128473
582.489	-1.812281890355634	0.2116144694179993	2.0650842026544423	0.544136815654662	-0.4801242697624046
582.532	-1.8223898839197143	0.2308180573345108	2.0456940910049517	0.5423129610960095	-0.4873166298965759
582.576	-1.8321376013247745	0.2502433240604457	2.026345660701482	0.5441091060905231	-0.4845169354517488
582.576	-1.8415157179252504	0.26986792946806903	2.0070604171421134	0.5423624360030568	-0.4815801718033245
582.62	-1.8505126264461438	0.28966696362243094	1.9878159106639544	0.5440923073733545	-0.484182099274702
582.656	-1.8591271262567912	0.3096325845211989	1.9685750181083275	0.54514977338317	-0.4896629733147392
582.696	-1.8673527428220107	0.32975489357010984	1.9493391695840059	0.5422760244701669	-0.4833039616619456
582.74	-1.8751891802130918	0.35002517161313096	1.9300533356528444	0.5433710874266897	-0.4850587357946363
582.784	-1.8826362605010085	0.3704679421745472	1.9108748172136054	0.5451389438113559	-0.4777705855612007
582.828	-1.8896998846322164	0.39107068637281994	1.8918309758983654	0.5452452699345114	-0.47518511837979127
582.876	-1.8963733040765878	0.41179875811214417	1.8728215518003752	0.5443170744036462	-0.4773937668711441
582.924	-1.9026505720365192	0.43261951667341525	1.8536812541090535	0.5429984639263942	-0.47663703959997866
582.972	-1.9085241742473449	0.4535707338012893	1.8345077971173498	0.5433409350235995	-0.4837410913768217
583.016	-1.913983643618834	0.4745310733709456	1.815372465881797	0.5422161716783119	-0.4832634290555981
583.016	-1.9190131395261758	0.49554634586452007	1.7963702871263614	0.5390958488935257	-0.47037051947878394
583.06	-1.923652837444065	0.5166273490194089	1.7775584037740417	0.5412347451213327	-0.47341757849650595
583.096	-1.9278746826354223	0.5377723666849276	1.758925000292145	0.5383201082551794	-0.46323172225501547
583.136	-1.9317151230165819	0.5589800919218717	1.7403125169076146	0.5385104114592582	-0.47043650251445285
583.18	-1.93518354095169	0.5802881500238882	1.7214924144256103	0.539593939868633	-0.46527968182140467
583.224	-1.9382362262851198	0.601631255602539	1.7027547085658727	0.538407543701421	-0.4665318856418883
583.268	-1.940872050520505	0.6230352775581166	1.684242885641733	0.538398872345778	-0.4589055169497579
583.312	-1.9431179360825175	0.6445275841462608	1.666200352820871	0.541743580021098	-0.45056220804261504
583.36	-1.944984356256227	0.6660488283859584	1.6479054655762364	0.5405609903635313	-0.4626811307779708
583.404	-1.9464632199041876	0.687552917736878	1.6293634007952813	0.5380889519075764	-0.4567799337038894
583.452	-1.9475233989165892	0.7090657259679043	1.6107929677339385	0.5377658582178738	-0.46515230037504357
583.5	-1.948193829717874	0.7305937179232682	1.59216256568212	0.5389210804949149	-0.4674562076512481
583.5	-1.948446418950164	0.7521462223129369	1.5735666646117885	0.5393182164131829	-0.4636216793437658
583.548	-1.9482959842062295	0.7737026145683561	1.555523355672282	0.5409735095305533	-0.4402921701814216
583.575	-1.9477685032657295	0.7953227733455999	1.5375651266194779	0.5401846968115795	-0.45582080096068495
583.62	-1.9468373524802771	0.816992875599399	1.5191241179514314	0.5445736836492907	-0.45529424377659417
583.668	-1.9455024935797802	0.8386832968385786	1.500651957721685	0.5438165113296934	-0.4633931240133273
583.716	-1.9437644113206083	0.8603550026266659	1.4821497765832183	0.5452534574866911	-0.46703876505780484
583.764	-1.9416223688084662	0.8819865608747977	1.4634437356877399	0.5468833942925743	-0.46883842975451384
583.812	-1.9390649677172214	0.9036231933151821	1.444729011267064	0.5473687620761983	-0.46348209137475405
583.859	-1.9361064806998036	0.9253284169160928	1.4258873141627804	0.5472548234325368	-0.4657985875984387
583.859	-1.9327458920914935	0.9468014868013733	1.407170194270647	0.5409055441558285	-0.46995470735119665
583.907	-1.9290162186395527	0.968089698241021	1.3880032705879544	0.5395387382040854	-0.4818077212874945
583.936	-1.9248595818420744	0.9893573208519075	1.3686843664294486	0.5440851632368705	-0.4728602305293349
583.979	-1.920256929516207	1.0107331992254447	1.3497943742583691	0.5474226598764672	-0.4712990717467848
584.027	-1.9152509021743056	1.0320771053597608	1.3306442746166527	0.5478270402158731	-0.4698892107279892
584.072	-1.9098392745168085	1.0532316231881094	1.3119744497720163	0.542867285988383	-0.4628683660471496
584.12	-1.9041010814924926	1.0740556555750047	1.292854250842778	0.5389773483820391	-0.4844132831252737
584.164	-1.8979699164613977	1.0947556522830588	1.2734102833975305	0.5419772664470488	-0.4937146001405824
584.207	-1.8914077106206009	1.1154343245901381	1.2543276264818757	0.5448944207766014	-0.4732349209880579
584.255	-1.8844064351057201	1.1361530815918868	1.2351598449051602	0.5464239262363346	-0.48038553577318005
584.303	-1.8770032788223654	1.1567324423270442	1.215889463556698	0.5453055253953776	-0.48300819744025747
584.303	-1.869267324866036	1.1770069599782993	1.1966988324498158	0.5418500604583975	-0.4763948695340331
584.351	-1.8611651827774591	1.1970737190162457	1.1772858348834452	0.5407719263356922	-0.49186470387515185
584.376	-1.8526726791068748	1.216975302354558	1.1576872535607303	0.5416633908867392	-0.48929652181906125
584.423	-1.84377832957671	1.2367414673364872	1.1381551656686928	0.5422261587763955	-0.4909715789448315
584.467	-1.834507712450673	1.2563269149131622	1.118331981329885	0.540848471607676	-0.4941647175349881
584.515	-1.824866350647921	1.275675684590102	1.098573197503412	0.5398024781649461	-0.49656387200648566
584.563	-1.8148561094398699	1.2947798499834104	1.078973665066799	0.5395748892603822	-0.4808708839983834
584.611	-1.804424929065085	1.3137003654765815	1.0600615547687533	0.5395322126479142	-0.47280077419480276
584.655	-1.793648355651127	1.3324518137391157	1.0411282712517662	0.5400878754655458	-0.47525427498881473
584.703	-1.7825334454491255	1.3510505383627283	1.0216971225609917	0.5414915057311129	-0.5009593080703932
584.703	-1.7710422954596168	1.3694158934052851	1.0017242757887364	0.5416468398637819	-0.4995417132734291
584.751	-1.759200657273133	1.3875264868143302	0.9817528199847859	0.5405141126219862	-0.4978207166898692
584.776	-1.7469963113119622	1.40534165863815	0.9623215661032171	0.5402854403843703	-0.4689767252316113
584.819	-1.734400063944271	1.422918692887246	0.943882230302492	0.5409927393905074	-0.4593457411346547
584.863	-1.7215048260501273	1.4402832754137105	0.9251285210546971	0.5427338644633994	-0.4770751574940019
584.907	-1.7083406908981615	1.4574377273562737	0.9055067223123926	0.5412827362260104	-0.49816202455935005
584.951	-1.694796963431612	1.474343833289107	0.8856911066008106	0.5412231974506514	-0.495061010875092
584.995	-1.6809649489558849	1.4909333908177695	0.8658204927534826	0.5386020576814564	-0.4979475449723337
585.039	-1.6667826173207627	1.507241925030315	0.8463817464086939	0.5436345584147297	-0.472717118807781
585.083	-1.6522416474579715	1.523350496502921	0.8273424917651719	0.54346654330553	-0.47146585237059
585.126	-1.6373930736334903	1.5390398508024945	0.8086984836601707	0.5419418717345029	-0.4752498296158788
585.17	-1.6222889753975134	1.5545364779889799	0.7899011728157961	0.5414188959492794	-0.46837863636329224
585.214	-1.6068969918550884	1.569780169245855	0.7704701523257677	0.544559689044851	-0.48331834239704907
585.258	-1.5911384335065282	1.5847796891256882	0.7510655936097178	0.5434273548421225	-0.48605663207989497
585.258	-1.575138253091751	1.5994263662477481	0.7317495135790943	0.5399094530726416	-0.4823462623901729
585.302	-1.5588705461028403	1.6137377441234315	0.7127405350316208	0.54173969863056	-0.46592214913309765
585.335	-1.5423350242185005	1.6277026606596179	0.6938707320728132	0.5394595743934015	-0.4719276073065662
585.378	-1.5255232438299826	1.641356436736486	0.6748685885415259	0.5410534300472024	-0.4672767115267423
585.422	-1.5084542658974087	1.6547445144593675	0.6555204932894825	0.5414190565402395	-0.4966656188200064
585.466	-1.4910879402095223	1.667830445816337	0.635499095553924	0.5450584163767551	-0.5075290479794493
585.51	-1.4734197729710363	1.680581763792382	0.6151444176751544	0.5423104187226395	-0.5022512760477275
585.558	-1.4555921805545529	1.6929004244656733	0.5953986363012427	0.5431279566347728	-0.4750819418692131
585.602	-1.4374831583825574	1.7049038895175428	0.5762615111019679	0.5425487025627014	-0.47656241272975136
585.646	-1.4191988686997061	1.7165407318181907	0.5572753370060174	0.540985091376397	-0.4804006083225734
585.69	-1.4006600044296371	1.7278450968050418	0.5380204472680785	0.5423750080421977	-0.4845063914265339
585.734	-1.3818813126408191	1.738804418458939	0.518660000680345	0.543887173942337	-0.48534536890060587
585.782	-1.3628773171149238	1.7494068484240197	0.4992397866513483	0.5442174398310922	-0.47917059952482677
585.782	-1.3436762364683539	1.7596306175196506	0.4799315973005388	0.5436543779702102	-0.4759281861321143
585.83	-1.324289636896208	1.769480314363299	0.4607653045624528	0.5423798910464209	-0.47715641426269
585.856	-1.3047280012467737	1.7789574709587939	0.44162227684835814	0.5432621845082325	-0.48147845088510866
585.898	-1.2850132411010575	1.7880535546305725	0.4224515569130101	0.542744116557843	-0.4841123823225462
585.942	-1.2651262858805614	1.796772466269392	0.4032741257685747	0.5411346770382682	-0.4841286194717039
585.986	-1.2450722591802879	1.8050960208614422	0.38379621087733534	0.5426226473333841	-0.4879023240453099
586.03	-1.224823302852523	1.8130431737904198	0.3646208265621609	0.5414245856223319	-0.48186647713925806
586.078	-1.2044830509471398	1.8205939598321441	0.3454978968847754	0.5393601682452195	-0.47802081822232373
586.122	-1.1840815955739787	1.8277289852206478	0.3263996630705208	0.5386766078604013	-0.4715154760830176
586.166	-1.163570749485616	1.8344587689803886	0.3074388399844048	0.5418879280390865	-0.4786167073067038
586.21	-1.1428917741097604	1.840806784667647	0.2883927376329292	0.5389533136277511	-0.4709593633235685
586.254	-1.1221490978081814	1.8467484961112575	0.269529780015172	0.5386826560365005	-0.4668946281573735
586.298	-1.1012910503826603	1.8522933672974509	0.25073586776182044	0.5413888487389888	-0.4773463935558585
586.298	-1.0803448772450825	1.8574513874388852	0.2319870091520515	0.5389159504297389	-0.4680977496742197
586.342	-1.0593149302649614	1.8622105923688514	0.21317727909119627	0.5382099109866832	-0.4703769803853553
586.376	-1.0381952172478413	1.8665803482038448	0.19429837416370246	0.5390080305888716	-0.4716367382421093
586.418	-1.0169632048473827	1.870553349668679	0.17541760604627432	0.5397747971252614	-0.4698481181957721
586.462	-0.9957188942556855	1.8741054302128535	0.15691008992570205	0.5386680634889238	-0.46319776070779145
586.506	-0.9743723152795685	1.877287065148195	0.13842673238916106	0.540226962565463	-0.47153189302749743
586.55	-0.9529901834763411	1.8800644659473058	0.11982336580199482	0.5380900280525528	-0.46226076732199284
586.594	-0.9315110715065955	1.8824516021332802	0.10155583776931924	0.5395596430343539	-0.4565768973785319
586.638	-0.9100747367079873	1.8844479423203224	0.08301899790014018	0.538031813620787	-0.46591461329805806
586.682	-0.8885915701172591	1.8860369315785754	0.06440387354615161	0.5381159234799093	-0.46542092394898743
586.725	-0.8670903219661108	1.8872327485499683	0.04590992514903394	0.5373234804990298	-0.455241389205556
586.769	-0.8456073871526625	1.8880091195180033	0.0277937134803578	0.5367945905943795	-0.4528732906332398
586.814	-0.8240071700957176	1.8884166453350903	0.009685618978838411	0.5389828764666297	-0.45836032565513807
586.858	-0.8023566998367166	1.8884221807285362	-0.008648762853079273	0.5441832018715818	-0.459502302469161
586.858	-0.780706261128072	1.8880327869787248	-0.027043142948764413	0.5415020273170994	-0.46119388406348827
586.901	-0.7590353800647821	1.8872386233910372	-0.045540272347538796	0.5433683218255643	-0.46575450249092326
586.936	-0.7373193752059287	1.8860330447805522	-0.06410156697651659	0.5462505726439691	-0.4598449448180217
586.977	-0.7156110476711414	1.8844205676210097	-0.08260137136400758	0.5464087014150344	-0.45207837558621417
587.021	-0.6939526165988325	1.8824053688618476	-0.10088768209426593	0.5447929271060986	-0.4568225022659209
587.065	-0.672354176947856	1.880009590496488	-0.1193219534773012	0.5430592287886039	-0.4570792100976608
587.109	-0.6508150865207936	1.8772243485882856	-0.13784853756281823	0.5415391208330235	-0.45165653479664963
587.152	-0.629223360716939	1.873998313093185	-0.15662998589524046	0.5481915938605191	-0.4660989304639986
587.201	-0.6077357347640289	1.8703716614015868	-0.1751126916124379	0.5411731481138048	-0.45656881902944874
587.244	-0.586469725908669	1.8663898515671358	-0.1939044052223183	0.5404499951441366	-0.4792421111988358
587.288	-0.5652403179662417	1.8619873655995678	-0.21313450986100846	0.5438503280754134	-0.47204790540989905
587.332	-0.5439193938807547	1.8571581765349547	-0.23204288818679147	0.5468599719135395	-0.4707615740791199
587.376	-0.5226548740099031	1.8519168870308147	-0.2511320171869724	0.5459429688087399	-0.4705870604412725
587.376	-0.5016063664177384	1.8462914245907214	-0.2697943417261151	0.5405099161672675	-0.4721665970592858
587.42	-0.48085576544626984	1.8403406317106887	-0.2890727102357262	0.5391398954536448	-0.48508376045577395
587.456	-0.46022308891382957	1.8339840182811333	-0.3083280739498231	0.5408061394164692	-0.47758659481137333
587.496	-0.4395658409177815	1.8271849619717129	-0.32731671077291824	0.5474412259151278	-0.4802833450647255
587.544	-0.4189063259552648	1.8199508042822432	-0.34660654384731543	0.5474839126310043	-0.4860370924323374
587.588	-0.3984748829761201	1.8123464734160184	-0.36585806812911753	0.5432044501379878	-0.47292479285556466
587.636	-0.3783456943838872	1.8044175825297335	-0.3849797253018059	0.5400046303366162	-0.48041010462658373
587.68	-0.3584275063571274	1.7961204529008237	-0.4042610975880048	0.5389009916617203	-0.4849484926097621
587.728	-0.33867405597330097	1.7874355216730011	-0.42353403602345835	0.540887679152435	-0.47401588133647266
587.776	-0.319044869177023	1.778370051128581	-0.44303075694916855	0.5412031040834441	-0.49505222468458376
587.776	-0.2995324360757261	1.7688668450880216	-0.46281885013443064	0.5437191131848957	-0.4965122365737317
587.824	-0.2802422945428225	1.7590005368473773	-0.4826318844894968	0.5403917190047676	-0.48811548762870927
587.856	-0.2612274988391663	1.7487325689448605	-0.5016902162905368	0.5410728396110206	-0.46097384516970474
587.896	-0.24235630878108838	1.7381301283267834	-0.5206737376281904	0.5412556418528891	-0.48817826379654755
587.94	-0.22367705097499163	1.7271789155852133	-0.5402107952637853	0.540497865371036	-0.4978306492605328
587.988	-0.205204991517212	1.715864799315628	-0.560097541063227	0.5411019464948472	-0.4968287336595299
588.036	-0.18697743013597085	1.7041806997268254	-0.5799272614993988	0.5403587099577156	-0.4977790263749785
588.084	-0.16902794588214065	1.6921422309734815	-0.5994586572809654	0.5412965849498296	-0.4794965304973561
588.128	-0.15133028196496326	1.679736618994525	-0.6180772343318609	0.5402752591112866	-0.4655103623376196
588.172	-0.13386216746051596	1.6670180510270332	-0.6368767157121771	0.5386010048632901	-0.4864455383293979
588.22	-0.11662904952919942	1.654031993049881	-0.6564338091515052	0.5403633422659696	-0.5038755635140918
588.22	-0.09960674693658446	1.6406421629896966	-0.6763360264405416	0.5412484432838925	-0.4958191551689894
588.264	-0.08288390187746378	1.626946854668763	-0.6962541373038356	0.5393940422162538	-0.49999704336625334
588.296	-0.06647279091729351	1.6129324251627222	-0.7158697744516148	0.5421090950997267	-0.48480513085994215
588.339	-0.0502781119328516	1.5985527690917785	-0.7348817963986705	0.5416182594933556	-0.46781244274832
588.383	-0.034437881987931865	1.5838682574612966	-0.7537896201937353	0.5426803122081274	-0.48237723475993116
588.427	-0.018823499002024596	1.5689138257829809	-0.7730495400155506	0.5389204165515946	-0.4847428280567369
588.471	-0.0035031514811230957	1.5536788450755592	-0.792759689791811	0.5413162980910093	-0.4923737233678587
588.515	0.011547000653464631	1.5380987109324504	-0.8124336347870096	0.5411420343928326	-0.4920152925447666
588.559	0.026232985733387157	1.5222840113266005	-0.8321114057282437	0.5373027423432036	-0.4912169966613221
588.603	0.04063913464578343	1.5061354961250029	-0.8513159730719325	0.5417220997330944	-0.4777270286935466
588.647	0.05471780724700172	1.4897301880680307	-0.8705122381398896	0.5378965378516942	-0.48571750889907295
588.691	0.0684992242750284	1.4730471436525576	-0.8896985295265355	0.5412720769088535	-0.48387345297665474
588.735	0.0819639193990171	1.4561115629821753	-0.9089983473766413	0.5398330725134118	-0.4829153644803587
588.779	0.09511556755435277	1.4388899325596518	-0.9282173859984134	0.5422722113627172	-0.48277966590316423
588.779	0.10794050358016749	1.421404331118928	-0.947330913566891	0.5414369111251062	-0.472915043886576
588.823	0.12039112505499923	1.403728603580278	-0.9663678663420913	0.5398574897051913	-0.4801012789977056
588.856	0.1325052203601395	1.3858041129681191	-0.9854501124466604	0.5402703166138845	-0.4860244386477165
588.899	0.1443088038158099	1.3676117913244892	-1.0046912624781439	0.5442759614752435	-0.48766198175972847
588.943	0.15577298048174992	1.3491849344728022	-1.023984648149219	0.5437487072376262	-0.4822550355219529
588.987	0.16689921807297042	1.330504320062341	-1.0434119802356991	0.5434174973480459	-0.48612543629072563
589.031	0.17766211596267814	1.3115957622230294	-1.0628551468361807	0.5426763063909529	-0.48491789085096965
589.075	0.18805221506306113	1.2924951995569738	-1.0822122138416799	0.5415839226332423	-0.48213348430442243
589.119	0.19805634305343503	1.273219509310457	-1.1014873797067914	0.5430114182353138	-0.479672070002598
589.163	0.207684370268937	1.2537655764740605	-1.1207665910457827	0.5428667140705368	-0.4873212838861838
589.207	0.21693867294005315	1.234125406791174	-1.140062196180532	0.5427026424749393	-0.48813769881510716
589.251	0.22582820271658896	1.214265212665445	-1.1592852321055995	0.544349269974734	-0.4761842905836752
589.294	0.23434221590132584	1.1942279542386516	-1.178403497445923	0.5441991325642194	-0.4746122869571231
589.338	0.24247155317237737	1.174036136676137	-1.1975322107767759	0.5453169128936196	-0.47717222482983385
589.338	0.2502049950363347	1.1537153389845682	-1.2167062640005657	0.5436710627300181	-0.47464266846418546
589.382	0.25754619944955276	1.1332459934388124	-1.2359069690176174	0.5427035508554767	-0.4832407823946643
589.415	0.2644959538127752	1.1126276661577432	-1.2550404005330416	0.543975338329239	-0.47644118350141046
589.458	0.27105568707097893	1.0918764957159106	-1.2741815068446112	0.5451933120221212	-0.47690298312176216
589.502	0.27721784014411827	1.0709758553818145	-1.2931808821794748	0.5447904279139668	-0.46844240297831047
589.546	0.28299215007932044	1.0499765249062676	-1.312079704520345	0.5434742274163615	-0.47269194508039125
589.59	0.28836927879751406	1.029018499038517	-1.3309364271561837	0.5428147884561081	-0.4767672079204217
589.634	0.2933117495588474	1.0079849647396837	-1.3499273452489666	0.538841318348649	-0.47500970232584994
589.678	0.2978680279971618	0.9868716516549833	-1.3687816268692723	0.5399553471799865	-0.469376947920768
589.726	0.30199756179860365	0.9656746496687415	-1.387629643411254	0.5389511398853885	-0.4651227436422002
589.77	0.3057379986686461	0.944450794483503	-1.406231159626945	0.5400035020195663	-0.47058637031328293
589.814	0.30907447823516104	0.92314652566301	-1.4250021262910013	0.5386488020080531	-0.46683737742922055
589.858	0.3120114394735307	0.9017754162464561	-1.4437261953970122	0.5406257516429464	-0.47160044082368624
589.858	0.3145504859501434	0.8803599005627467	-1.4624282048450747	0.5380926022224991	-0.4663648653614143
589.902	0.31670057722545775	0.8589244759366204	-1.4810943060470074	0.5385511414824565	-0.4635174484874907
589.936	0.31843531617295967	0.8374397872352575	-1.4995669939376008	0.5389580468280791	-0.46131859177044343
589.978	0.3197622818489366	0.8159132368290367	-1.5177557464786495	0.5386012406014481	-0.452343738938483
590.022	0.3207238869631523	0.7944093118152213	-1.536170226165506	0.5384405055225521	-0.4565547911106909
590.066	0.3212623661509933	0.7728571307045169	-1.554864230502507	0.5385745706229327	-0.4647505112366271
590.11	0.32140190897957593	0.7513141406924997	-1.573457772979159	0.5395856732350147	-0.46111803435588145
590.154	0.3211331150220435	0.7297497810847067	-1.5918195802980235	0.5407567384408106	-0.4585267670105438
590.198	0.32047684883806205	0.708099000020922	-1.6100736832757638	0.5435066975344661	-0.4605625488035817
590.242	0.31941556233868035	0.6864209540694274	-1.6286271959925058	0.5426929123521754	-0.46079722358296793
590.286	0.3179453509554946	0.6647427864196437	-1.6472100481799858	0.543056796715327	-0.4623264510053547
590.33	0.3160668108905713	0.6430736434838054	-1.665887190886525	0.5447207754874799	-0.46396020171156344
590.374	0.31376129789304313	0.6214061611792998	-1.684269066776071	0.5451169522723356	-0.4498985890968456
590.418	0.31108165363599743	0.5997659973995276	-1.7025649047819849	0.5471181022764211	-0.460575848011927
590.418	0.30801124420357956	0.5782797547748362	-1.7213337943096658	0.5385480516942611	-0.4869626523018163
590.462	0.30454478416558173	0.5569432061357689	-1.7406760320253583	0.5432102321565785	-0.49300076347000765
590.496	0.30065916675598703	0.5355729055732776	-1.759783322323778	0.5438904130663406	-0.46872574377541787
590.538	0.2963362181719048	0.5141162520224414	-1.7785184325714067	0.549418839504264	-0.4739504586772156
590.582	0.29160988015593414	0.492723060331792	-1.7973529954670886	0.5479990341460141	-0.46456123066393246
590.626	0.28653532779681623	0.4716434330756641	-1.8161894112036985	0.5409632776724906	-0.4796940456245625
590.669	0.28106867452785306	0.4506908506373839	-1.83538554079925	0.5405866565855046	-0.4834121741400994
590.713	0.2752049205013586	0.4298915161693695	-1.8546772982964552	0.5391563838163121	-0.48187367060094966
590.757	0.268924296568044	0.4091560051560922	-1.873734281281917	0.543883921497211	-0.4756999084057707
590.801	0.26220517166617635	0.38835308245655725	-1.8927783873378101	0.5475355625267878	-0.4746522872729933
590.844	0.2550767933283177	0.3676517333928278	-1.9119910120308319	0.5451615167371354	-0.4781444895561564
590.889	0.2476020627360151	0.3472482917177051	-1.93104300543892	0.5394005744278894	-0.48816809999434924
590.933	0.2397930482872254	0.3271171244145711	-1.9502799760331122	0.5388481470922627	-0.48478166522153193
590.977	0.23159648278376502	0.3071501655979344	-1.9696591325410475	0.5408247098292822	-0.4752937763414405
590.977	0.22298838837195417	0.2872405809439196	-1.9891070172264913	0.5415052243874579	-0.49921005675384433
591.021	0.21400254984500366	0.26754882620764825	-2.008895926850947	0.5408320240761025	-0.4951315445776805
591.055	0.2046420602987517	0.24807288517860682	-2.028675595850417	0.5388752034993602	-0.49293038716461784
591.097	0.1948813241052229	0.22881337943049557	-2.047914846524644	0.5397440657201312	-0.4730329653606436
591.141	0.18473032638038717	0.20972894897868105	-2.066743363265252	0.5403756901461519	-0.4722390381036682
591.185	0.1742436906076074	0.1908135878525847	-2.0857632355079203	0.541479025197057	-0.4701258716379234
591.229	0.16339906252076028	0.1720558052406934	-2.1055924845817584	0.5411264396003308	-0.5000380274016163
591.273	0.15217154230306906	0.1535344900839009	-2.1257014821127584	0.5413752435843497	-0.5025680720013175
591.317	0.1405680126935896	0.13528278224059212	-2.1454916309560015	0.539457038615986	-0.47004842920263523
591.361	0.1285744373569423	0.11722933282052213	-2.164000184095928	0.5417626154997034	-0.4597540457850593
591.405	0.11625872484605541	0.09942134692778871	-2.182588152390384	0.5416244336624247	-0.46764259114167245
591.449	0.10366677472480182	0.08183014498140648	-2.2019182756911793	0.5380108782740709	-0.4966483361836525
591.493	0.09073474811404827	0.06449399283706345	-2.221855173827352	0.5412041204831887	-0.49677393138072323
591.541	0.0774667366853857	0.04743445999052143	-2.241756460026017	0.5394015222002755	-0.498866366886962
591.541	0.06387680452367472	0.030685755207043933	-2.2614555519950414	0.5441045664835306	-0.46910704326031377
591.589	0.04987963261873181	0.014083039892445803	-2.280505207257826	0.54431182876393	-0.4674556702031418
591.616	0.035569698169828814	-0.002144241480327602	-2.2991294767048944	0.5400409688899465	-0.46591565307538224
591.657	0.020976854899961483	-0.018135304278215428	-2.3179799982361233	0.5426769506611153	-0.47474994768359746
591.701	0.006122086807521382	-0.0338839953880144	-2.3374959882230373	0.5408773903992742	-0.49457314143504877
591.745	-0.009075516827579164	-0.04935058642741036	-2.357135214702622	0.542716382122338	-0.4874056518944128
591.789	-0.024544566183935225	-0.06448661540173677	-2.3766715544025785	0.5383004074229982	-0.491082657003263
591.833	-0.040337675829467096	-0.07933045233194744	-2.3957662274564364	0.5432204675157903	-0.4755745686025023
591.877	-0.05640697657756073	-0.09382896516747682	-2.41451512413056	0.5398557216163005	-0.47694557305318
591.921	-0.07275294905293363	-0.10804595331861878	-2.4334447403792683	0.5422427255401597	-0.47835926846134613
591.965	-0.0893443399124748	-0.12198650137093664	-2.452471154687936	0.5407458431809843	-0.4776704281752666
592.009	-0.10620259968352005	-0.1356048431368721	-2.4716410986350943	0.5429143598812535	-0.47827981660164653
592.053	-0.1233361781569487	-0.14890745920325593	-2.4907915917864227	0.5423313874006382	-0.4743026116855915
592.097	-0.14068477545066915	-0.16184536490038454	-2.5097854016846304	0.5413481541335946	-0.47396160173824503
592.097	-0.15831225097014429	-0.17447715278945558	-2.528700698123526	0.5413177248567536	-0.48177032771569395
592.141	-0.1761850198111868	-0.18677127290629064	-2.5477923614534017	0.5438857509250545	-0.4732765408399027
592.176	-0.19430852722593214	-0.19875621512750966	-2.566904841081217	0.5445527541524469	-0.484624274592733
592.217	-0.21266219943839726	-0.2103925517270764	-2.5862865519831213	0.5432595711608876	-0.48676029148873523
592.261	-0.2312768360342533	-0.22168666166266165	-2.6057048969068823	0.5455076860420424	-0.4807889160582113
592.305	-0.25009508947979087	-0.23261291783073967	-2.6250181578635248	0.5431485067788986	-0.4817598097796046
592.348	-0.2691025832323208	-0.24316074265137516	-2.64422387355434	0.5432220182582658	-0.479138722960262
592.392	-0.28830572720152053	-0.2533496428040419	-2.6633025182726264	0.5439366572746909	-0.477141403845607
592.436	-0.3076805832922049	-0.2631633035344308	-2.682415385630775	0.5428682711153369	-0.4790726308068897
592.481	-0.32727124032577376	-0.2726162255090243	-2.7015671054447936	0.5445305003131158	-0.48052102709593186
592.524	-0.34706086226401667	-0.2816984345118851	-2.7207351106125013	0.5462896474272164	-0.480484532530683
592.568	-0.3670197206612879	-0.29039873807604133	-2.739869453977603	0.5446461333256614	-0.47992900960846663
592.612	-0.3871374025469315	-0.2987151579261771	-2.758962723816305	0.5430623590625743	-0.47400107469589164
592.656	-0.4073966625776506	-0.3066417866461502	-2.778061933898448	0.5436552979072066	-0.4771332900136081
592.656	-0.4277579619453412	-0.31418175996422254	-2.797100838211262	0.5432603854932235	-0.48100675251759994
592.7	-0.44821038133442415	-0.3213048738815366	-2.8163328404956904	0.5417271450683504	-0.481037323173073
592.736	-0.4687437406285818	-0.3280152392499719	-2.835176957951564	0.5399451693126905	-0.46798040316367545
592.776	-0.489437462317193	-0.3343635687882709	-2.8542398921095433	0.5393607046670477	-0.46961333638514907
592.82	-0.5101827337759454	-0.3402779563268595	-2.873089300133073	0.5392849367730419	-0.47216857410380714
592.864	-0.5310333742618155	-0.34581139454404486	-2.8919630484287135	0.5391754567285642	-0.4715111417957675
592.912	-0.5519998074842478	-0.35095754242035826	-2.9108440104938236	0.5397163184628004	-0.47036609157220455
592.956	-0.5730554331874316	-0.3556845561266187	-2.929685873087579	0.5418856555689436	-0.47837950035095145
593.001	-0.5942022522645868	-0.36003030077383763	-2.9484158653651575	0.5399185235621535	-0.4726403161609871
593.044	-0.6154450056869483	-0.36396980259066547	-2.9672058954790965	0.5419156564615115	-0.46162814901132954
593.088	-0.6367795607359886	-0.36752981908098814	-2.985528752480682	0.5389310571355761	-0.4589476120355729
593.136	-0.6581431858584117	-0.3706876954630882	-3.0040260144935087	0.5399798929338986	-0.46663283169430597
593.136	-0.679523855220882	-0.3734644523576613	-3.02268107146804	0.5389439894872592	-0.46631557694270226
593.184	-0.7009624060876266	-0.3758234343862	-3.041390582669859	0.5387779394503108	-0.4659635736811089
593.216	-0.7224097450175726	-0.3777705323521021	-3.0598604313874325	0.538129395755765	-0.45841331280077113
593.256	-0.7439131735848559	-0.37933844487381346	-3.078159326886166	0.5389963349745218	-0.4580637074779834
593.3	-0.7654151580171348	-0.38051317440416255	-3.0965703052332763	0.5384331696971111	-0.4606446973107347
593.344	-0.7869775202799706	-0.38127868936092146	-3.1146978151452944	0.539273936661586	-0.4489285234296131
593.392	-0.8085112481939222	-0.3816638035577268	-3.133011950084611	0.5367851470189541	-0.4584122967763785
593.44	-0.8300493801632068	-0.3816471832563798	3.1316245388146355	0.5373135709632662	-0.464317117525123
593.484	-0.8516638650064751	-0.38122302171524824	3.1130490616857776	0.5409722511115274	-0.4610211608329639
593.532	-0.8733275470295637	-0.3803907487184092	3.0947169341074123	0.542541455024257	-0.450577690438782
593.58	-0.8950005391799213	-0.37916573060035597	3.0763298067013793	0.542918094355723	-0.46007102028948327
593.58	-0.9167590314780047	-0.3775252869122724	3.0577323826684695	0.5479233987890346	-0.47380041545074414
593.624	-0.9385318141343092	-0.3754907796453896	3.0390034522048017	0.5457900023887398	-0.4631515152529466
593.656	-0.9600612462183191	-0.37305496846811803	3.020347324598577	0.5404920671254521	-0.47884662869404876
593.7	-0.9814872072430674	-0.37022170012381744	3.0012058355778133	0.5416010779991751	-0.48182514008590605
593.748	-1.0029994874289243	-0.366949618120307	2.982239845042695	0.5439799715308793	-0.4610939912792633
593.792	-1.024593806037272	-0.36326882734556815	2.963397746859794	0.5484474383980238	-0.4805929554708267
593.839	-1.046137130331803	-0.359177631911467	2.9443382247964314	0.5472896575993257	-0.47368772089792255
593.887	-1.0673979700058374	-0.35470542585356124	2.925626482566478	0.5401933110108339	-0.480023148624147
593.935	-1.088441277728058	-0.3498765699554178	2.906318124549135	0.5393224595843209	-0.4830464850406549
593.979	-1.1094064531396046	-0.34463229447410765	2.887078711274766	0.5421983478598401	-0.4688514816983302
593.979	-1.1304127766941865	-0.3389444774244044	2.867960022047083	0.5461796983058406	-0.4703411296032035
594.023	-1.1514536603847014	-0.3328253028759178	2.8488208641261203	0.5484301000565839	-0.4739661177912854
594.056	-1.1723367378304013	-0.32630912088528147	2.829661689203704	0.5459568776399489	-0.46870649677161985
594.103	-1.19291299943055	-0.3194388966409222	2.810785170161841	0.5389574511454384	-0.48287477515732996
594.147	-1.213243319306112	-0.3122358850626316	2.7914142405988915	0.5389188346581981	-0.4864515204664905
594.191	-1.2334255559966785	-0.3046346026630665	2.772046272822967	0.5393349485026283	-0.48136451598725727
594.235	-1.2535444731403018	-0.2966283397906518	2.752474841719127	0.541635271845538	-0.4910628114202318
594.283	-1.273510664024946	-0.28821165546541067	2.732735350358665	0.5408258601741899	-0.49525090170284797
594.331	-1.2932720047100903	-0.2794198736526669	2.7129792084828113	0.5401008086185983	-0.49277486215421323
594.379	-1.312791617306094	-0.2702385206976735	2.693653882914567	0.5391976243387189	-0.4753331548732361
594.379	-1.3321572052360664	-0.2606589875737557	2.6747170815041366	0.5397510371454813	-0.47247166930326984
594.423	-1.3513637824772604	-0.25073323578392825	2.6555073095918114	0.5400584262748078	-0.49142660259281484
594.456	-1.3704200190577074	-0.24043840109229936	2.635666382272052	0.541982347771887	-0.49482049760417407
594.499	-1.3892745210964539	-0.2297471870466053	2.6158079748198055	0.5404147012000577	-0.49766342463259666
594.543	-1.4078831824378382	-0.21870307284881407	2.5959023457976684	0.5403486098274128	-0.49692983528979195
594.591	-1.4262094870654876	-0.20726872735256127	2.5769513689213293	0.5406222555625633	-0.4660829178472957
594.639	-1.444355662076488	-0.19548433116224573	2.5584626987556374	0.5415523959193523	-0.46112394181025856
594.687	-1.4622885494290994	-0.18340831473706307	2.5393067448412325	0.539297996760815	-0.48954228742849804
594.735	-1.4799776577012953	-0.1710004597556661	2.5193770662324075	0.541747323673506	-0.4952162520003413
594.779	-1.4974486216450824	-0.1582034375170846	2.4995365545380968	0.5408136930691356	-0.49795350401912397
594.779	-1.5146118385049476	-0.1451059822173064	2.4795795032415358	0.5381640011747002	-0.49732528015792593
594.827	-1.531535804666094	-0.1316328974806819	2.4603273728312365	0.5399843157837676	-0.4757126741235242
594.856	-1.5482400003438703	-0.1178068831480005	2.4413720276856385	0.5400428150513887	-0.4653726454038412
594.903	-1.5645822071297049	-0.10369478136016763	2.422458165824421	0.5413881092432715	-0.4743555568920771
594.95	-1.5806973106264857	-0.0893064280934448	2.40309201800829	0.5379255464257697	-0.4940498762593246
594.998	-1.596546138898801	-0.0745898314727999	2.3833331893979013	0.5418703803577956	-0.49279353940490395
595.042	-1.6121211855875501	-0.05954262781437086	2.363618077409494	0.5405071862150628	-0.4933524678424619
595.087	-1.6273256617832685	-0.04425271875163021	2.343930792612773	0.542860748857258	-0.4926597512999547
595.135	-1.6422971772298898	-0.028595416012662286	2.324657505153953	0.5417315630712478	-0.48562534676011265
595.182	-1.656917195481491	-0.012705349590020287	2.3053310591878535	0.5390634785704584	-0.48325366809162934
595.182	-1.6712392892631553	0.003472383609156318	2.2860976468056253	0.5423856505064526	-0.4809866699627284
595.226	-1.685262487170442	0.019926834086423192	2.2665433015935963	0.5431623661086192	-0.5004692844778995
595.256	-1.6989942786596455	0.03670820360271203	2.2467157394356505	0.5442027746465854	-0.5052625444671069
595.302	-1.7123572449382911	0.05371896617265085	2.2269618455751288	0.5413671907191477	-0.4942594816347438
595.35	-1.7254009361729936	0.07101758586708064	2.2074447044221435	0.5450197362164166	-0.48829462802741885
595.394	-1.7381007567346678	0.08854751946107309	2.1880454111443077	0.5424980920051816	-0.48407996582090246
595.438	-1.7504670607925676	0.10634135506053141	2.1686518856014376	0.5415365030678152	-0.4869762089317597
595.486	-1.7624993987771325	0.12437978650263973	2.149048407110534	0.5436654492934974	-0.4896954979951546
595.531	-1.774192903524244	0.14268555428411972	2.1292400374967886	0.5439820416365279	-0.4992752254957505
595.578	-1.7855016107493134	0.16120263591734404	2.1094476684647847	0.5430226388790048	-0.4831616346506151
595.578	-1.7964359100875504	0.17992191825567327	2.0898718260372795	0.5415341359545291	-0.49209955932317423
595.623	-1.8070025880588205	0.19884885845884298	2.070410906574296	0.541711385806296	-0.48787770822260723
595.656	-1.8172063554795501	0.21798258622732	2.0509497493551367	0.5406153202540046	-0.48421225844708055
595.698	-1.827038662609934	0.2373292434709673	2.0314705871661514	0.5425169889955659	-0.48514765410746324
595.742	-1.8365079398324522	0.2568896136716353	2.0121282490746535	0.5435912648977054	-0.48445110689368215
595.786	-1.8456097089151444	0.27665255436846437	1.9928768658109226	0.5439800867910867	-0.47658580526645206
595.83	-1.8543253320026813	0.29657756408095154	1.9736634589006552	0.5435173829786072	-0.48560603968164334
595.874	-1.8626484586840424	0.31664192190453694	1.9543751667090692	0.5444598614027268	-0.47605040149708666
595.918	-1.8705813928040969	0.3368633112897568	1.9350938937790956	0.5437985649416125	-0.4775095168073607
595.962	-1.878128009515263	0.3572553370661724	1.9158509180350543	0.5452183629846458	-0.47819641271731816
596.006	-1.8852936114758274	0.37781944890479885	1.8967487806104297	0.5440372801338222	-0.47505725276615846
596.05	-1.892066591655006	0.3985184241272633	1.8777230482085912	0.5446459899655319	-0.47792010784921163
596.093	-1.8984506345228183	0.41935053807871836	1.858760859320158	0.5440634840277793	-0.4727273892868681
596.138	-1.9044415572608842	0.4402238035986717	1.8397884161141238	0.5389289549851111	-0.47659665342667284
596.138	-1.9099923390396143	0.4611437825554109	1.820484084117887	0.5385011744774773	-0.46824889232749417
596.182	-1.9151400685957087	0.48210396954356155	1.8014772418240754	0.5402687760501974	-0.47486018922198886
596.215	-1.9198955685335812	0.5032245601054615	1.7824114553796324	0.5412588604407025	-0.4754439974436428
596.257	-1.9242272019414992	0.5243659240795819	1.7636494178825162	0.5389327038440176	-0.46623469537217155
596.301	-1.9281702585459268	0.5455805249147632	1.7449652944181255	0.5394809713736469	-0.46877178290748495
596.345	-1.931697430600875	0.566833808846802	1.7263578229686045	0.5396329965162209	-0.4657275085598439
596.389	-1.9348732568086358	0.5881661358300695	1.7077453091543116	0.5404830643048162	-0.4642030719053031
596.433	-1.937606902358006	0.609553920778622	1.688952930292569	0.5382390059220177	-0.47590281290302233
596.477	-1.939966554402867	0.6310127117889373	1.6701098173437405	0.5384837542257138	-0.4662409861680006
596.521	-1.9418989525629642	0.6524675174249893	1.6517171021858488	0.5369606449150873	-0.4507030093430287
596.565	-1.9434422644581182	0.6740154353252092	1.6338564260394477	0.5395573197449355	-0.4345862740988148
596.613	-1.9446127997798706	0.6956014178411303	1.6159947672268593	0.5395362857178488	-0.4513225028652711
596.661	-1.9454036608444192	0.7171464334688925	1.5973968002643006	0.5397691982040476	-0.4751115305197038
596.661	-1.9457769722477736	0.73869224017496	1.5785818938725504	0.5387979879899926	-0.47058386478026765
596.709	-1.9457384562397744	0.7602725505756581	1.5596295696149012	0.5412934941198251	-0.4690719774145551
596.736	-1.9452821342156323	0.7818743836540153	1.5408758077965843	0.5424218808840754	-0.46491476268972187
596.777	-1.9444058085200147	0.8036132298349049	1.5226359369170772	0.5458837520743143	-0.4534354634740435
596.825	-1.9431527741033316	0.8253900758371642	1.5043010904217866	0.5439658495957678	-0.4590471419266201
596.873	-1.9414922407247601	0.8471218135715357	1.4857744631814582	0.5399645323142228	-0.46169827849155154
596.921	-1.9394495385719226	0.8686077423880294	1.4665707988243353	0.5390361741343308	-0.4870622191209426
596.969	-1.9369815779293804	0.8900995021377961	1.4471566803286977	0.5419617552266163	-0.47977813989742774
597.017	-1.9340697982555686	0.9117149380963663	1.4282265796595086	0.545353211792542	-0.459293507054729
597.017	-1.9307531689309412	0.9333610835439311	1.4094171979503425	0.5473207758977986	-0.4732196302797293
597.065	-1.9270250769024786	0.9549585466683036	1.3904306180743091	0.5471458520179279	-0.473040396017194
597.096	-1.9229315598989092	0.9762506523155218	1.371503910201981	0.5387782430758031	-0.4900437535056804
597.137	-1.9184519340601764	0.9973508031755727	1.3520500453099902	0.5393702726259747	-0.48586839370521645
597.185	-1.9135333299245982	1.018443484111089	1.333033311878766	0.5456167004630262	-0.47524882237423993
597.233	-1.9081787200268403	1.0396562835118388	1.3141315185506326	0.547726532080729	-0.47798902879804533
597.277	-1.9024112619596352	1.0607957471893026	1.2950996474986745	0.5486710323874047	-0.4740061835788714
597.325	-1.896262835031527	1.0817278510091104	1.2763690912317265	0.5409251316761592	-0.47154642093351873
597.373	-1.8897987982155564	1.1023147403153877	1.2570538148060397	0.5388253194395946	-0.48585726149622926
597.421	-1.882940682034557	1.1227573985850665	1.237607774266784	0.5393053836059857	-0.48306676850522806
597.421	-1.8756597537497268	1.1431401510486878	1.2184336446105772	0.5429193569210722	-0.4885986720459136
597.469	-1.8679569083379692	1.1634955464017034	1.198998216710948	0.5433737506365554	-0.49367930225015216
597.496	-1.8598570978632838	1.183694947267756	1.1789971685637197	0.541181826501145	-0.4909611052529047
597.536	-1.851406813656374	1.20358979710242	1.159313623765256	0.538595803436871	-0.4886327525397947
597.58	-1.8425587903763503	1.2232714928763844	1.1399429892188417	0.5390149346909928	-0.47499906078591503
597.629	-1.8333101960595262	1.242803840263183	1.1209401955233993	0.5392834332944966	-0.4730562332258524
597.676	-1.8237022292417724	1.262193385080958	1.1019498987929583	0.5407131392824085	-0.4820804404995489
597.72	-1.8137338769790614	1.2814231739101187	1.0819179266806582	0.5418487308721284	-0.5043000261727929
597.768	-1.8033620953734064	1.3004551752082967	1.0618117787790577	0.5418098643623792	-0.5047050644373758
597.816	-1.7926121765012375	1.319205446453247	1.0420372320784024	0.5392209344757104	-0.46853291855001394
597.816	-1.781464797015223	1.337820565998062	1.0235168214346773	0.5420030826013178	-0.4590441198115246
597.865	-1.7699874245738605	1.356167872692227	1.0048736554691886	0.5402800295305804	-0.4746025629966662
597.896	-1.7581914087876649	1.3743301368017866	0.9859362834542348	0.541403379164646	-0.48048987197445653
597.936	-1.7460646447408161	1.3922852278024682	0.9659921120880219	0.5400271847502697	-0.5017887499572798
597.985	-1.7335903108416275	1.409944053111974	0.9458092036345851	0.5403637218677502	-0.5061708237911011
598.032	-1.7207655498048036	1.4273172772492997	0.9258196721159334	0.5403897849428256	-0.47557223120507236
598.077	-1.7075543696167912	1.4444962980270777	0.9068323084760639	0.5413099686989772	-0.46427113814621357
598.12	-1.694012434283328	1.4613864291581817	0.8881009204428356	0.5422752462530562	-0.4582509543015638
598.168	-1.6801460102354702	1.47799539049523	0.869447217543565	0.5438360365804258	-0.47586837756360834
598.212	-1.6660271357299425	1.494406392200535	0.8503309675447459	0.5393600113421094	-0.48599544635899844
598.256	-1.6515863349672213	1.5105347332332628	0.8305982224337941	0.5418158281317034	-0.49285889738674826
598.256	-1.636802138904061	1.526403754898764	0.8110265848399614	0.5416384247018249	-0.48867514728281186
598.304	-1.621767423244038	1.5419003369555473	0.7915676215249468	0.5440913014189535	-0.47808202460782967
598.335	-1.6063504960589188	1.5571871868775702	0.772764124322529	0.5409970436622038	-0.47037553022907874
598.38	-1.5906726654271337	1.5720957534534137	0.7538912414049397	0.5402941712134305	-0.46642892438045164
598.428	-1.5747244915433187	1.5867554568079751	0.7349856021247659	0.5423549900507371	-0.4733069132085032
598.476	-1.5585225657387167	1.6011320502186224	0.7157446104983781	0.5425841498524206	-0.4824539732875378
598.52	-1.5420059330903781	1.6152132275137518	0.6964564132685116	0.5418055899709608	-0.48435766995909335
598.564	-1.525262211335208	1.628934996824492	0.6773027814604754	0.5406835122959215	-0.47548501444645846
598.608	-1.5082347434337933	1.6423492492931517	0.658394819099754	0.5414560184673554	-0.4633372000476474
598.652	-1.4909534347050442	1.6553948686643007	0.6394472403355816	0.5431796396862285	-0.47178464705769446
598.696	-1.4734166943337677	1.6681491687645984	0.6204975173131396	0.5425680223158068	-0.4760560572184293
598.696	-1.455633851772028	1.6806060641333418	0.6011951274331543	0.5456837505502183	-0.4932014304879276
598.74	-1.4375692077376911	1.6927391955181785	0.5815657441044804	0.5422040335449773	-0.48739612488436357
598.776	-1.4192691566218396	1.7045097891096874	0.5620378636156691	0.5428230922477568	-0.4810591959622463
598.816	-1.4007468059052077	1.715916169615393	0.5428012159927796	0.5445313013113905	-0.4793046824964685
598.86	-1.3820341638637041	1.7269571159063182	0.5237488154056029	0.5420961054116048	-0.4768300993437687
598.904	-1.3631098138160356	1.7376422937634506	0.5047023527625724	0.5433677535303654	-0.47025273255321165
598.948	-1.3439765446769758	1.7479730431913594	0.48559429651340147	0.5444066391089443	-0.4819091968713814
598.992	-1.3246379136835726	1.7579380778899387	0.46644466552763464	0.5475194129555141	-0.4836981922814313
599.036	-1.305090074262564	1.7675423892168802	0.44726016561991583	0.544702270019249	-0.47344441652159197
599.084	-1.2853855859747787	1.7767567106171502	0.42817001451514497	0.5446660794180462	-0.482920026035506
599.131	-1.2655290481156187	1.7855883287055414	0.409208812838891	0.5435248448787693	-0.4744072147587416
599.179	-1.245516297332513	1.7940374254790135	0.390301554036495	0.5442737358551778	-0.4705471288573934
599.179	-1.2253322746834059	1.8021156819215816	0.3713805890877356	0.5424528681063844	-0.4637845289178524
599.227	-1.2049909756732176	1.8098112437611393	0.35249609917162805	0.5414069997324913	-0.46780229106884785
599.256	-1.1845063174732287	1.8171205342244199	0.3336548071254031	0.5448340602715391	-0.48035225548385024
599.303	-1.1638834705007344	1.8240408368614058	0.3147749082315923	0.544465908777609	-0.4751485890856394
599.351	-1.143114159925231	1.830585809100958	0.29578506029236645	0.5448261709882959	-0.4737837199967038
599.399	-1.1222807505174484	1.836735746101796	0.2769115246523473	0.5416493299110227	-0.4696470970137946
599.447	-1.1013930967912984	1.842471085969526	0.257774148953238	0.5395747424508994	-0.4733737151175358
599.495	-1.080461055646295	1.847775872965899	0.23893367682412686	0.5385749012679779	-0.4669927700445701
599.539	-1.0594037689987712	1.8526980043446664	0.22027385362219587	0.5395080728843379	-0.46723576749811924
599.539	-1.0383072965647335	1.8572164222931988	0.20153524115802102	0.5392084970396921	-0.4705840025000839
599.587	-1.0171300177138227	1.8613340211275644	0.18267900053114866	0.5385348112016142	-0.4703948026702394
599.616	-0.9958818635982627	1.8650518432363128	0.1639021773587575	0.5392597902046439	-0.46837718582612137
599.659	-0.9745782902760632	1.8683665257077395	0.14514252786434112	0.5388524646664102	-0.46970795374420116
599.703	-0.953210635293823	1.8712868960464013	0.12636163724606023	0.5385111054745316	-0.4665973064442599
599.748	-0.9318046879742815	1.8738027431594872	0.10783179701470923	0.540040901627707	-0.46569685871370636
599.791	-0.910346509060175	1.8759314453997469	0.08980277037464389	0.5377481550823892	-0.45281561616142363
599.835	-0.8888857376859961	1.8776828689659124	0.07139033550404333	0.537855130965538	-0.4569780661758452
599.879	-0.86738515746466	1.8790256521433437	0.052809819077188916	0.5411497356814443	-0.4709783014519409
599.923	-0.8458682898602438	1.8799667622037124	0.034327586950458566	0.5376160859974004	-0.46162085750243403
599.967	-0.8243679410580798	1.8805101532124584	0.015963644618695184	0.536857980200718	-0.45713525122797205
600.011	-0.802851412479085	1.8806513195979087	-0.002431985795374003	0.5373547120471185	-0.45834341190674294
600.055	-0.7813000102863251	1.8803935394206486	-0.020626762472670864	0.5404136036519563	-0.4505653851632522
600.099	-0.7596668088022441	1.879740248544041	-0.03869285383722953	0.5404393703958984	-0.4520772159779816
600.099	-0.7380283637668471	1.8786970705436432	-0.05705191619662557	0.54304032946531	-0.4529763823709201
600.143	-0.7163362096150265	1.877243925506073	-0.07547034809304123	0.545580291305671	-0.4595739249787694
600.176	-0.694669498380648	1.8753799448334934	-0.09393966155189837	0.5416039314677825	-0.46847830033774424
600.219	-0.6730304088935046	1.873120053783028	-0.1124627649648441	0.5457063564573492	-0.46526690899038814
600.267	-0.6514303177478762	1.8704654648901238	-0.13098144874519374	0.5441847292499433	-0.45235826643492494
600.314	-0.6297550346026947	1.867401507292864	-0.14964428762626591	0.5473786393278869	-0.4755625617524386
600.358	-0.6082376208345789	1.863925383309231	-0.16837191799148804	0.5394711985642955	-0.4734634377195673
600.406	-0.5869761809021657	1.8600843801595597	-0.1874753891480461	0.539747843302348	-0.48119795456018805
600.454	-0.5657463273151867	1.8558285069073686	-0.2066104987606176	0.5449671229180981	-0.47131349580743925
600.498	-0.5444463820946711	1.8511414867152736	-0.22557033737860052	0.5484730243834199	-0.47074190029093027
600.498	-0.5231264774655748	1.8460426184271936	-0.24465343743220175	0.548724607493773	-0.4763995007096993
600.542	-0.5019655283349638	1.8405330170618308	-0.2634456418087182	0.5436858953596916	-0.45946839067563994
600.576	-0.48110708723516304	1.8346912196861331	-0.28235592235207985	0.5395097662396893	-0.48387502290994244
600.622	-0.4604408493070939	1.8284738506885538	-0.30174984596817334	0.540849166710994	-0.4874962783037826
600.666	-0.43985187454244434	1.8218400318856902	-0.32099539359756724	0.5433537005479909	-0.4757692363823278
600.711	-0.419256701080339	1.814769381116633	-0.3402504187710583	0.5443969371458705	-0.4814147235955608
600.758	-0.3987406908091031	1.8072867029502866	-0.3597017225854219	0.5442741894514622	-0.4897611788536648
600.802	-0.3784529690188133	1.799433027982551	-0.37927691896717003	0.5413317121376224	-0.49236676034806004
600.846	-0.35841285149943214	1.7912226467176102	-0.39902407872965917	0.541193681350729	-0.4927539078670333
600.89	-0.3385517582652028	1.7826143919186872	-0.4185751283862379	0.5404972599590977	-0.48524245448275105
600.938	-0.3189328022283912	1.7736490516983832	-0.4379487004604553	0.5390845747435739	-0.48208175100381645
600.938	-0.29945878553584127	1.7643053818786898	-0.45746527825222366	0.5405947427467263	-0.49901167039327593
600.982	-0.2800937670359405	1.754531362224741	-0.4773532248743973	0.5422263729084129	-0.49460920345594855
601.016	-0.2609459288932604	1.744383892975408	-0.49727490789679285	0.5410599575390348	-0.49833573533417286
601.058	-0.24207233472103867	1.7338475758667284	-0.5166609776323938	0.5412250645547971	-0.4759986125159845
601.106	-0.22335973650288948	1.722974351622384	-0.5354881869307984	0.540035512637428	-0.4814196146554597
601.15	-0.20489425150743534	1.7117806130183957	-0.5548652637657633	0.5385226293459674	-0.490336720143447
601.194	-0.18663673270894465	1.7002276819420437	-0.5746563485207576	0.5417918188810628	-0.4993631503365682
601.238	-0.16859237616365153	1.6882849849774388	-0.5946388716114881	0.5407911803076417	-0.5021507597347337
601.282	-0.150807734628849	1.6759981976486709	-0.6146543670820263	0.540397658376006	-0.4998603768275886
601.326	-0.13328415997499538	1.6633256189623282	-0.6335547663222112	0.5421226396753256	-0.45688972675420586
601.37	-0.11596536600027746	1.6503362309404772	-0.6520369635015235	0.53981162088383	-0.47176601712486876
601.414	-0.098920655319268	1.6370252122327316	-0.6709789439121234	0.5418666115924486	-0.4730700793472102
601.458	-0.0821129497592484	1.6234386798077822	-0.6903717894416036	0.5402458899229359	-0.5012866009598413
601.458	-0.06556099476394193	1.609484394138197	-0.7102596193317878	0.5411250060165896	-0.4959825180343829
601.502	-0.04931521649380309	1.5952327732149003	-0.7301456885884391	0.5386086033853339	-0.4987628797459567
601.536	-0.033395351493389056	1.5806833882479314	-0.7496520806607131	0.5403429196084347	-0.4750944097224447
601.578	-0.01772906004863546	1.5657816172641608	-0.7685254158879766	0.5396227335487791	-0.47692247185041126
601.622	-0.0023641488474204775	1.5506133979486743	-0.7875394937350026	0.5399001852448454	-0.4733424688598947
601.666	0.012748300402334142	1.535132444278283	-0.806935018209497	0.5398415913743723	-0.4910095168773728
601.71	0.027572596254301827	1.51935743168429	-0.8267788384979885	0.542801470414484	-0.5002702970613262
601.753	0.04212272283066535	1.5032287208165906	-0.8466840385578193	0.5440425996945992	-0.5055433510651086
601.798	0.056291899810140794	1.4868717457419984	-0.8665169364905418	0.5439714513122997	-0.49461453646054676
601.841	0.07013424194300434	1.4702375513902566	-0.8859289508109436	0.5402867254237658	-0.4695375618127731
601.885	0.08362350177864518	1.4533627311296085	-0.9052128253108569	0.5404077308413153	-0.47856528051203817
601.929	0.09681781287855276	1.4362121479799406	-0.9242335786769412	0.5408155189864949	-0.47589592374389506
601.973	0.10968426523006489	1.4188218259870493	-0.9433492263388666	0.54177018274879	-0.4791666681830138
602.017	0.12224579148520852	1.401145431163965	-0.9624454658306759	0.5419250246021123	-0.474418555695118
602.017	0.13444042407303747	1.3832676958774792	-0.9814572974887283	0.5409014411768082	-0.47623213821715504
602.061	0.14628543729603594	1.3651631596839624	-1.0005019714310555	0.5407119221445824	-0.469482603373741
602.096	0.15779796455496678	1.3468109160164758	-1.0196313017233312	0.5430096331818833	-0.4766917997192045
602.141	0.1689787400157687	1.328228276287064	-1.0388096240303903	0.5406953225125071	-0.4735467313670609
602.189	0.1798113323723203	1.3094075030444106	-1.0580359823781493	0.5426894543860823	-0.4843297990193721
602.233	0.1902981572702303	1.2903523233274896	-1.0773526920638727	0.5436606203588651	-0.48017799032899433
602.281	0.20041986789476374	1.2710793055421268	-1.096699965440976	0.5437638943408374	-0.4844603451525179
602.329	0.21015472847125036	1.2516443804951904	-1.115919791369574	0.5439759288334551	-0.4774020206341194
602.373	0.21949699660039504	1.2320681761313357	-1.1351053501013928	0.5406998878170254	-0.47826546955328103
602.417	0.22846707993162738	1.2122936323434759	-1.1542685703316564	0.5432357362639104	-0.48277507917738405
602.417	0.23706855535252808	1.192322609704495	-1.1734244684642803	0.5438278862060658	-0.47953027211341465
602.461	0.24529935279927356	1.1721663027053686	-1.1925615687391669	0.5436321410555632	-0.4785624661522589
602.496	0.25314312398930644	1.1518544425751496	-1.211662245265996	0.5432517882850736	-0.478764833657157
602.537	0.2605972690444022	1.1314002142861017	-1.2307112350853455	0.5445769783806733	-0.474814606952701
602.581	0.2676577187770943	1.1108234775433012	-1.2497995069678707	0.5441071597125681	-0.4839426282928242
602.625	0.2743212934543544	1.0901207032420912	-1.2689126604959013	0.5441326736962174	-0.4735410978808735
602.669	0.28058753146371207	1.069281530304253	-1.2880567807567758	0.5430315744401912	-0.4780913080525834
602.713	0.2864609217390906	1.0482996483319593	-1.3070946461748716	0.545879016284101	-0.4730850374074735
602.757	0.2919446593938064	1.0272203423330368	-1.326044574027096	0.5438350698322504	-0.4722451050595563
602.801	0.2970246258642385	1.0061265488303242	-1.3449553846767839	0.5392711804241218	-0.4671547353497877
602.845	0.30168868087177	0.9850373501373302	-1.3637457214264082	0.5420815641840896	-0.47839091521779104
602.889	0.30592323948604944	0.963877855001259	-1.3825823457467132	0.5389085058455685	-0.4645737790733457
602.933	0.3097737543638097	0.9426394898373471	-1.401424727589191	0.5385838617052545	-0.4715120890921254
602.976	0.3132254325469248	0.921356962342183	-1.4202012964623907	0.5391204071625953	-0.46738732784053943
602.976	0.3162663736538407	0.900009407334058	-1.4387715310939018	0.5385370943495595	-0.4624317020867983
603.02	0.3189026453021749	0.8786050655032135	-1.4571403396313753	0.5404959225106667	-0.4604670029667937
603.056	0.32116685809995194	0.8571684777940016	-1.4758325659021296	0.5408631272260042	-0.4761884929876969
603.096	0.32302178560168043	0.8356777407859719	-1.4945321129006133	0.5382274067980918	-0.4602818518649173
603.14	0.3244677859217999	0.8141721246917047	-1.5131518913376765	0.5406358057657036	-0.4686280084450638
603.184	0.3255014706493836	0.7926270078681877	-1.5312387626677801	0.5379492855437475	-0.45049884194321466
603.228	0.32617117908853094	0.7711126529632816	-1.549511473210078	0.5383788049573003	-0.46466923147437217
603.272	0.32642606944046015	0.7495800804264628	-1.5680243360579875	0.5378686415501667	-0.4596447947082753
603.316	0.326281963999529	0.7280481081847896	-1.5865699734998673	0.5378465936237535	-0.4647537945733582
603.36	0.3257328553457528	0.7064796841756849	-1.605170110057842	0.5438683204936371	-0.4626758456945227
603.404	0.32477423055044663	0.6847973407216694	-1.6238867211122958	0.5420060087489674	-0.4616699598745512
603.448	0.32340558176840317	0.6631054389559383	-1.642527454797207	0.5444487929668965	-0.4676395131719465
603.496	0.321632357423446	0.6414125283709442	-1.661029125166157	0.5435916768699677	-0.4633249316032074
603.496	0.3194697440706904	0.6198052857248056	-1.6795435193797887	0.5426828299089572	-0.4598521466926186
603.54	0.3169023643366986	0.5982335290638787	-1.6980355973792722	0.5444946641537683	-0.46420446908487556
603.576	0.3139134584672113	0.5765431228844036	-1.7167180395645558	0.5469081888761903	-0.4626305674414847
603.616	0.3105174593633174	0.5551161318511401	-1.7353512305105003	0.5407611113001635	-0.4796170832433314
603.66	0.30675404304380544	0.5338233104796382	-1.7544262895789031	0.5420930864682282	-0.48739696898549256
603.704	0.30256397848515937	0.5125072399318846	-1.773517540470477	0.5455673590045077	-0.4757581666320846
603.752	0.2979567532766547	0.49109011167622	-1.7924736955427354	0.5468913672834296	-0.4741990228592927
603.796	0.292923913517567	0.4697532465473305	-1.8115660862381404	0.5474658358971727	-0.46694699520852995
603.84	0.28753387908929523	0.4486969790395241	-1.8302707609841313	0.5391637942458302	-0.4848014105258782
603.884	0.2817988303718044	0.4279066918298289	-1.849695678639602	0.5392753171410956	-0.4848122225179139
603.928	0.27564199558500146	0.4071901032258142	-1.8688566000879783	0.5413775404262176	-0.47086291216898424
603.972	0.26902228081635116	0.38635642042881124	-1.8878585645103407	0.5469909713407954	-0.4859286603383576
604.016	0.2619939430891286	0.3656121082261958	-1.907051797352929	0.5464220663717106	-0.47880400775141563
604.016	0.25461039493704696	0.3451344536204799	-1.9260439206446887	0.5401752590035469	-0.47753494924191714
604.064	0.2469057103374388	0.32496154344975364	-1.9452683164704732	0.5401981822889819	-0.4793391532428276
604.096	0.2388175531481544	0.30497454973082866	-1.9646648623294591	0.5388374416596206	-0.4867393612431769
604.136	0.23032842016854177	0.2851164110540876	-1.9839187568779895	0.5411579537884669	-0.4725197476526572
604.179	0.22145025607221017	0.2653622837884807	-2.003550199054934	0.541355192119723	-0.49743291501058395
604.227	0.2121590142540139	0.245773249440699	-2.0233380429182906	0.5416175592584127	-0.49243654389212327
604.276	0.20247889166494168	0.2263650826865633	-2.042994098642439	0.5418487086903053	-0.4784713789269161
604.324	0.19239827427662956	0.20723005096659786	-2.0618075277804455	0.5425787799423785	-0.4606217017753373
604.372	0.18198547378926888	0.1882631678354605	-2.0806441170153236	0.5419207457727306	-0.4732615814909412
604.419	0.1712263872335214	0.16944542853026778	-2.0998525448782064	0.5410988300779459	-0.49826592539273684
604.419	0.160111103615645	0.15085997461838963	-2.1199224397447844	0.5416910551701577	-0.5034923524091024
604.467	0.14862019811022206	0.13250208524735063	-2.14004043461911	0.5406287333704028	-0.5024701474619565
604.496	0.1367341696987115	0.11441419929081456	-2.159345617354202	0.5412139324979693	-0.46561802094417964
604.539	0.12450033249950214	0.09652883311028108	-2.177727523515958	0.54151034567045	-0.4630486341262695
604.583	0.11194034744478891	0.07892670096942736	-2.196455197066562	0.5429264508867685	-0.4720012638995586
604.631	0.0991243849000615	0.06151224443289317	-2.215975208558023	0.5408232859532236	-0.5022614373515634
604.675	0.08593892094907733	0.04435536973762483	-2.235877979040276	0.5409111137191028	-0.4981777890577985
604.723	0.0724474261218715	0.027501145777666006	-2.2558273130433117	0.5386210242100041	-0.49950911369908735
604.767	0.0585966001897798	0.010907823335433539	-2.2753214007641196	0.542460223824848	-0.48032582350319325
604.811	0.04437404830290183	-0.005490877099611061	-2.2943870349602675	0.5439530928691328	-0.46780436999258046
604.854	0.029840809515864514	-0.02147529378305662	-2.313041971209468	0.5395822776895103	-0.4659906841196571
604.898	0.015046332087041023	-0.03728194942228119	-2.331788422580923	0.5409083670185693	-0.47125762724131104
604.898	0.008822994529544645	-0.04446034297934134	-2.345664741469466	0.007501867180186462	-0.07124905643038833
604.942	0.008766106019644851	-0.044517250381836154	-2.3458095006467716	0.0023752456321868174	-0.000509034622695297
604.976	0.00870450727504836	-0.04458394012826944	-2.3457987523667865	0.00214412348634168	0.0005011894485442471
605.018	0.008647171503169696	-0.04464099267932314	-2.34579761894993	0.0019040917005816586	0.00014380430696159138
605.062	0.008598082440258156	-0.044692796681231065	-2.34579287928786	0.0016660303793735246	0.0002125538389385717
605.107	0.00855223473337359	-0.04473526813793462	-2.3457924790264815	0.0014218503987150207	9.408835848654989e-05
605.15	0.00851727978934809	-0.044774344929511635	-2.3457854033680983	0.001194784098004261	-0.00010467520072587377
605.194	0.008484493819443592	-0.044803912505947785	-2.345782779275234	0.0009651364997716027	0.00024605053244661744
605.238	0.008461226534936167	-0.04482890263978763	-2.345774944393073	0.0007359965943293155	-0.00012402236773562602
605.282	0.008442193180069002	-0.04484658167362081	-2.3457707113002955	0.0005219458316678533	-5.752317921912739e-05
605.326	0.008431730933218348	-0.04485872699754051	-2.3457612890324127	0.00028586155190569247	0.00013710340869713442
605.37	0.008425055293809339	-0.044863229600752154	-2.345755215342601	8.14049031738669e-05	0.0004112791790904853
605.414	0.008426664448421065	-0.044862366341062714	-2.3457453585015253	-0.00015277009702341896	0.00030182127806281834
605.458	0.008433136149784581	-0.04485457477066443	-2.345738425504339	-0.0002842714606448193	-0.0006933945045958333
605.458	0.008446696833544959	-0.04484084432180238	-2.345728733415037	-0.0006067073341086322	-0.00013282240372796073
605.502	0.008465647145421931	-0.044819921786476855	-2.3457214433421276	-0.0008239925887516012	0.0007629328452318808
605.536	0.00849171858580508	-0.044793508972646494	-2.345711884167082	-0.001048811480615106	0.00034389939337152757
605.578	0.008524011018882546	-0.04476041206187619	-2.3457043490805023	-0.00124586884087881	0.0004195461185743963
605.622	0.008562299756281769	-0.04472022436287077	-2.345693577542256	-0.001497576559274496	0.00073723895605165
605.665	0.008608030620098156	-0.044673659828858694	-2.345685056281983	-0.001675695803283827	-0.0010696227994055065
605.709	0.008658984655048524	-0.04461979721728397	-2.3456763915844685	-0.001986129846710553	0.00017992132624870076
605.754	0.008725054985620137	-0.04455789276022067	-2.3455733483433674	-0.004418732397749059	0.010693205973672529
605.797	0.009054854259295433	-0.044199740041883644	-2.345151745873646	-0.01705128037289924	0.006193463922403541
605.841	0.009560049328288994	-0.0436604276381935	-2.3447874094976178	-0.02030981784386495	0.0038812113383837553
605.885	0.010082535550419963	-0.04310183511822434	-2.344295744955156	-0.0174629383095737	0.02645808136254549
