455.696	0.45900562729649574	0.8890982015961081	-0.08184061588302863	-6.190295142259237e-05	0.0012781386037292646
455.735	0.45900495119703244	0.8891042871623517	-0.08183573057314308	-0.00019751059228405204	0.0020751192775787805
455.776	0.45900414783388604	0.8891031669130661	-0.08183246869854918	-0.00010994032690817786	0.0019549612413848746
455.816	0.4590029122315208	0.8891043246497669	-0.08183623169595722	8.378672797503797e-05	-0.00018175775626528892
455.856	0.45900169407521296	0.8891020234700692	-0.08182190072312394	-1.1884939333174791e-05	-0.001301458698231122
455.896	0.45900034271493745	0.8890968432023251	-0.08181478124055583	1.7622397023650896e-05	-0.0010154772242089364
455.936	0.4589999456536731	0.8891011540228879	-0.08180947636261353	-0.00017319151882235604	0.002189174107215027
455.975	0.45899916694136467	0.8890983307262226	-0.08180641868874691	-0.00010825922340892392	0.0024761311699068953
456.016	0.4589983973653375	0.8891029090415731	-0.08180852439161906	8.189150009230915e-05	-0.00021972936859133852
456.056	0.45899705847023153	0.8890974442649126	-0.08179690866022234	2.7481639202750548e-05	-0.001869609583832095
456.1	0.4589956184876085	0.8890958387568514	-0.08178807671236765	-5.468339653142127e-05	-0.0004788243907186124
456.143	0.4589946563198065	0.8890977583327219	-0.08177703255445608	7.4629230587692556e-06	-0.0007571599219031855
456.188	0.4589933682384508	0.8890942379641148	-0.08177082467393225	1.3435181237802783e-05	0.000677329774199768
456.231	0.4589931114895408	0.889098906043432	-0.08178053274951151	2.1500556930844684e-05	0.0009624919539205142
456.275	0.45899189307712956	0.889096717792551	-0.081773441894529	7.639028304258654e-05	-0.001108643779768341
456.319	0.4589902591281562	0.889094687328979	-0.08176830762363832	-9.245597236870775e-06	-0.0015067445720198661
456.363	0.458988881926784	0.8890928719371645	-0.08175445028066544	-5.276220912332445e-05	0.00039538239980709076
456.407	0.458987493815355	0.8890900637063373	-0.08175927946612137	-9.648114478438569e-05	0.00237303391190506
456.452	0.45898699198234816	0.8890946857048393	-0.08175708960844266	0.0001232442596354148	-0.0005019123576196042
456.495	0.45898545227327736	0.8890918872851201	-0.08174844439751723	3.6360915350823334e-05	-0.0017225344465879513
456.539	0.45898382031071583	0.8890924478636607	-0.08174113219236957	-5.725317226710605e-05	-0.0006823874764108124
456.539	0.4589825882756986	0.8890903842802136	-0.08173085513216316	-5.9529433449108995e-05	0.00019758166638932984
456.583	0.4589810215287125	0.8890869232765849	-0.08172666630375951	5.409168048434494e-06	-5.688603244144283e-05
456.616	0.4589801468172874	0.8890911820979599	-0.08171858603592927	-0.00018720670492479118	0.0022641897737527123
456.659	0.4589795960208328	0.8890895193770644	-0.08171631579418608	-0.00010545876790129441	0.0018410553542750566
456.703	0.4589788306008337	0.8890935366074747	-0.08171860782894502	-3.487511108057803e-05	-0.00039016755300659843
456.747	0.4589775316905531	0.8890865559504261	-0.08170389196453591	9.477521610302815e-06	-0.0006552220326120044
456.791	0.458976517397238	0.8890860003410084	-0.08169841460903368	-4.782584856902399e-05	3.0035783335975894e-05
456.835	0.45897550734092096	0.8890877227659015	-0.08168647250465595	-4.877023128651708e-07	-0.0002274124770404862
456.879	0.4589740897409656	0.889084070732114	-0.08168331961732289	-3.7499319354511885e-05	0.0018435857897511321
456.923	0.4589738620874364	0.8890911519365913	-0.08168814497468788	0.00011601756649326587	-0.0002474242468541765
456.967	0.4589723369568731	0.8890881931412231	-0.08168066695577997	-5.898687845796864e-05	-0.0013884152335931895
457.011	0.4589707548999516	0.889085437465369	-0.08167437657157611	1.126530782574207e-05	-0.001488450433729226
457.055	0.4589695921740444	0.8890840410642964	-0.08165993830297737	1.550510781500843e-05	-0.000654486147838366
457.099	0.4589678286285599	0.8890800593875847	-0.08165679883890124	-6.922290506295822e-05	0.0012371824011640678
457.099	0.4589672299457214	0.8890851547513046	-0.08165225594805196	-0.0001812600663108009	0.0020803616079169323
457.143	0.4589660611274488	0.8890832191297199	-0.08165698399452827	6.636795402572768e-05	-0.00044756148337052397
457.176	0.4589650654374511	0.8890847025383148	-0.08165026530970405	-9.910967133225462e-06	-0.0009739683046710309
457.219	0.4589639731254307	0.8890803629961403	-0.08163774586294065	4.3069322458812016e-05	-0.0016159934297139437
457.263	0.45896270271491585	0.8890780775926881	-0.08163088896689007	1.629943349068685e-05	-0.0009145358606919798
457.307	0.45896166180763925	0.8890808622194808	-0.08161832195634289	1.6607471942649696e-06	-0.00031046370309754066
457.351	0.45896144289190594	0.8890802331080994	-0.0816223350069555	4.5875160196082904e-05	0.0013521285394086015
457.395	0.4589604181139265	0.8890822291826778	-0.0816162509976296	7.784128398621686e-05	-0.002086923966865427
457.438	0.45895903157536455	0.8890785672621755	-0.08159946093304846	-5.268614726223676e-05	-0.0004203529157659069
457.482	0.45895774390813215	0.8890754605093796	-0.08159753745915153	-7.216604668861001e-05	0.0011128198403941017
457.526	0.4589574435050773	0.8890782918472494	-0.08159561381890248	-0.00011572770633395966	0.0019459760108367697
457.571	0.45895631548763866	0.8890739646198571	-0.0815947335068922	-1.1208753659523946e-05	0.0019769431186035732
457.614	0.4589557336017346	0.8890801901127587	-0.08158666997859107	0.00011507607673648105	-0.00025079040913282417
457.658	0.45895392516537087	0.889076983493828	-0.08157462891296766	-4.722825916489163e-05	-0.0010926438535172368
457.658	0.45895231301764344	0.889074342377572	-0.08156613681538567	1.576060162652236e-05	-0.000796477386238003
457.703	0.458951247474087	0.8890744506870891	-0.08155983350280706	-4.758432208669454e-05	0.0008862444113694829
457.736	0.45894996437787083	0.8890705884065	-0.08156133518500239	-0.00012334861892532864	0.00240619942800995
457.778	0.45894912953631967	0.8890763986100849	-0.08155975307695647	-1.982220399361563e-05	-0.0008762903485924486
457.822	0.4589473650147595	0.889071264972154	-0.08154407806714424	-6.466864999618667e-05	0.000862260921626157
457.87	0.45894658264568994	0.8890726723538066	-0.08154312296829015	-5.422836141496782e-05	0.0005529055506663913
457.914	0.4589459063850931	0.889072685859299	-0.08154316563871035	-0.00011726475808524952	0.0018853441780652869
457.958	0.45894444988957644	0.8890695553668376	-0.08154471956526065	0.00012259858000867045	-0.0005405958890553803
458.006	0.45894285554164377	0.8890735886076605	-0.08153216806595305	2.1138992031900623e-06	-0.0012685522090765278
458.054	0.4589413383589026	0.889068364334343	-0.08152079694542157	3.330040975201325e-05	-0.0005346396244155791
458.102	0.4589410528355055	0.8890721660903814	-0.08152382586056826	-0.00012816002452835902	0.001612522633503574
458.102	0.46063594698172405	0.888265742089598	-0.09618897915080128	0.02402252647088271	-0.3674855552078786
458.146	0.4608747057474227	0.887891709411991	-0.10707019103647261	0.059982142926741415	-0.40182389438853766
458.176	0.4658828436010516	0.8862418442892335	-0.12466127407293837	0.14978409208937304	-0.3636514005581528
458.218	0.4711596532970167	0.8844690992272461	-0.13281575526065814	0.1235077773432547	-0.09497993541913866
458.266	0.4747881757096314	0.8826872553231883	-0.13738302804261146	0.01300856113650634	-0.225996858240245
458.31	0.47446000584107817	0.8827404708084639	-0.14645414233792328	0.02932042899207515	-0.4167518256351448
458.354	0.48023447517171697	0.8814034634294233	-0.17933855317881126	0.15845494445680353	-0.9488905491265526
458.398	0.486164017272133	0.8802124033262905	-0.21849133640097765	0.14696266361542654	-0.9991893184338987
458.442	0.49195190475554196	0.8787956797516101	-0.25825396692281294	0.15459181219214355	-0.9741443019528065
458.486	0.49788066947379533	0.8770615969559764	-0.2970920904335574	0.15132614269170624	-0.9490052169934723
458.53	0.5031837715934113	0.8748957187196816	-0.33285807553172114	0.1328357572471524	-0.8275566105773735
458.574	0.5086764015089664	0.8715755745020557	-0.35675165994219354	0.15629843925710965	-0.3155946733031715
458.618	0.5122908163471487	0.8677452707811054	-0.3673403030505777	0.12093695769281379	-0.39586581503970036
458.618	0.5183420223773683	0.863554446683754	-0.3852879448779688	0.2511035852380656	-0.4638882430245568
458.662	0.5271352456223938	0.8596685563686738	-0.4049199537487055	0.12087939789429841	-0.7124616946168263
458.696	0.530780309528959	0.8581319253982466	-0.4334278158453623	0.10329153664631859	-0.7010341568379592
458.742	0.5344904211407173	0.8562905572011734	-0.46247829191934714	0.1429745266005461	-0.903176169988142
458.786	0.5402905851028228	0.8532887553095916	-0.5004148667222907	0.15987060313985368	-0.9427141708987921
458.83	0.5458228074643083	0.8501199336648428	-0.5382446933981416	0.1587486582381739	-0.9496451425544962
458.874	0.5510854001891492	0.8468256633128959	-0.5768204454977439	0.15101635634410288	-0.9897434048387089
458.918	0.5553185436294977	0.8438074970169904	-0.6095678905105751	0.07496436820392782	-0.575623091139809
458.962	0.5585089605058303	0.8391978212655139	-0.6331753136986022	0.18262972748492262	-0.5138466210227495
459.006	0.5631143899284619	0.833032148149023	-0.654744445059578	0.19012168203595844	-0.5632767321842383
459.05	0.5687061953933925	0.8268884689807378	-0.6778160978845444	0.22429076750907118	-0.5846697712010038
459.094	0.5758842489422072	0.8208343409735941	-0.7001832155587893	0.2359368955004289	-0.5470506529334217
459.137	0.5829588178086694	0.8145358211423803	-0.7221111139839523	0.23811375946831986	-0.5496954808003977
459.137	0.589972825045374	0.8080214442437571	-0.7445296742810287	0.19547003547954628	-0.7068994720278059
459.182	0.5934796448700188	0.8044799933879916	-0.7762445494340834	0.12209506013482388	-0.783572486216094
459.216	0.5969338265773195	0.8009624195505537	-0.8077275145978756	0.12352733168319045	-0.7894915568614208
459.257	0.6003040501677432	0.7972732527572004	-0.840396341531636	0.1527262331223186	-0.944307369691633
459.302	0.6045285430483277	0.7924604503320078	-0.8787193868575672	0.15717777626352597	-0.9549205032529123
459.345	0.6084354915661058	0.7875628518028334	-0.9170516290898152	0.1557605913545504	-0.961402161352376
459.389	0.6120540079940024	0.7825678413351055	-0.955824652555099	0.14738968346505998	-1.001369464072637
459.433	0.6155789387599278	0.7773574565032403	-0.993823759496057	0.1533199464241681	-0.882889110983323
459.477	0.6173947680830938	0.773996009789231	-1.0194206761831677	0.039602562113260215	-0.39043736556079056
459.521	0.6170150657117774	0.7738514149280599	-1.0272068038723958	-0.03058577530777176	-0.08300600539531261
459.565	0.617418195655442	0.771602112089989	-1.039665054580909	0.19442657341454586	-0.6659904203565443
459.609	0.6209467119726033	0.7641250921160375	-1.0659695138937655	0.20329013060587225	-0.664658256434859
459.653	0.6243282381420678	0.7567984634598341	-1.0926234825115024	0.2051164050055434	-0.665439378758049
459.697	0.6277936532080458	0.7490664550556331	-1.1190213243260365	0.21919986817760972	-0.6616225720732364
459.697	0.630606435855708	0.7421985950221105	-1.1477250913733257	0.10970910255210732	-0.7503764816156197
459.741	0.632379568506406	0.7383429715155035	-1.1781144002279536	0.10620699353575529	-0.7652530804011927
459.776	0.6345562451878329	0.732966953216521	-1.2139796530122664	0.1592822184041266	-0.954020212412106
459.817	0.6366082780182547	0.7270105294687234	-1.2522666132082843	0.1499719286445831	-0.9939454755802255
459.861	0.6384395976992315	0.7211252050618798	-1.2910897147238773	0.15682758337734665	-0.9550665257630214
459.909	0.6400292010510151	0.7152793669927023	-1.3311766432164045	0.14577623811864762	-1.0028647741569647
459.953	0.641201060997598	0.7097864706887179	-1.3681924356269624	0.11206553287173449	-0.7362237327152549
459.998	0.6419458515424645	0.7032304914515595	-1.3962050198435694	0.18824263479405354	-0.5430439444908922
460.041	0.6414690475847266	0.6979191876159758	-1.4125408144474414	0.09656650058001465	-0.34810724706239693
460.085	0.6414199847334656	0.6920703005011416	-1.4317554448882928	0.2027078198716041	-0.6513165829596658
460.129	0.6424417489109093	0.6833329438666707	-1.4578962884158861	0.2292409002701873	-0.6546274687865286
460.173	0.6430236235659846	0.6764520450769328	-1.4871944107039643	0.11044864297430941	-0.7883889144543178
460.217	0.6433745354203035	0.671875917092968	-1.5187888034581365	0.11600052804842609	-0.7852385583375804
460.217	0.643606024284255	0.6662301025068109	-1.5537555701053385	0.16251176759480573	-0.9395469246731688
460.261	0.6435799458239088	0.659850855387577	-1.5915910004186111	0.15878653553589875	-0.9481893216166358
460.296	0.6433312457386045	0.6536229641400099	-1.6298513664753567	0.1582015038472054	-0.9440436726060673
460.337	0.6428996649726075	0.649182166453974	-1.6598907761164312	0.0584504966790794	-0.5135611065268494
460.381	0.6419977157474729	0.646432984716654	-1.6782691077182117	0.14907457949936728	-0.534435384281918
460.424	0.6403380582772508	0.6394996975702766	-1.6991044058480242	0.1859196347679723	-0.5527547696942362
460.468	0.6385183139121646	0.6322337677578197	-1.7225277423459477	0.18749725215754331	-0.6051111396676381
460.512	0.6365476237692442	0.6243997268445864	-1.7477102488070488	0.21223839022905325	-0.6351198424464337
460.556	0.6347407271030453	0.615656791562485	-1.7728129506669859	0.2371271300763486	-0.6225210820298684
460.601	0.6331836485931028	0.6083511164998214	-1.8008532923944458	0.11569290688224335	-0.8384590577847442
460.644	0.6320234259108815	0.6035455512183213	-1.8338840143016901	0.12862443020799563	-0.8094349502877776
460.688	0.6304666020934725	0.5982634722039343	-1.868863176033261	0.16615963030879077	-0.9809250983492217
460.733	0.6285357067299204	0.5922842264090346	-1.9072488884539243	0.15575232139071152	-0.9610003574377469
460.776	0.6263636130481218	0.5864975051160762	-1.9458972077722618	0.15661535874537028	-0.9532030300877712
460.776	0.6239598889969427	0.5807338341371953	-1.9843118426947528	0.15037394328319825	-0.9921744961332433
460.82	0.6213593464775489	0.5753043300926461	-2.0209796898579233	0.15811862079951539	-0.828545487916893
460.855	0.6174012235276071	0.568409688816192	-2.0469328609139614	0.1827129563394132	-0.47474629772996957
460.896	0.6127674980173431	0.5637342542678963	-2.0668221986070137	0.15009944394026747	-0.5447330526382607
460.94	0.6080339336866207	0.5582803330962574	-2.090889221141391	0.21172164800966853	-0.641716785648653
460.984	0.6033975530170724	0.550764395160394	-2.115398052378303	0.22560711136269443	-0.6018425756112031
461.028	0.5984724125738146	0.5431949156075077	-2.139285305846156	0.2250414662959857	-0.5928110721782635
461.072	0.5933255618271002	0.535704870828675	-2.162917067225003	0.22857895372551246	-0.5900691896527167
461.12	0.5886998728149642	0.5295315701423038	-2.1901034793691667	0.11522518379561625	-0.7903030986025971
461.164	0.5859750952221053	0.5256887504541612	-2.221709096274883	0.12249369519932354	-0.7823741324511463
461.212	0.5829509289599644	0.5218190049589008	-2.2531217173102895	0.12330386623971049	-0.7886637905291372
461.26	0.5794701137394801	0.5177070690706602	-2.2874754517016647	0.16324772475119328	-0.9610532568397919
461.26	0.5752811359802051	0.513010700424503	-2.325774284587759	0.1561383504562759	-0.9594540922902967
461.304	0.5709374681065581	0.508571272103729	-2.364292874759728	0.15441022762937806	-0.9660218790641785
461.336	0.5664585970418857	0.5043931312708112	-2.4032635298982203	0.15484978538186456	-0.9666397150285803
461.376	0.561717707167392	0.5002922562783846	-2.4403744224023756	0.1371083680595919	-0.8009866689841555
461.42	0.5593348940836287	0.4984766721177205	-2.4623710965754793	0.02251807925379511	-0.32360821419078684
461.464	0.5595241296263542	0.4988075556154977	-2.469585418016231	-0.029780709413575655	-0.09380331875927515
461.508	0.5582498999373003	0.4990149620645286	-2.47936286172768	0.14892536117175584	-0.6100847542185497
461.552	0.5511187252171191	0.49619252056286706	-2.505396618129364	0.20077920961703638	-0.660843768336682
461.596	0.5444912272678206	0.49195685972279857	-2.5325752343977994	0.19515132487141898	-0.7008683184498472
461.64	0.5375961736475287	0.4879155565704309	-2.5608666402884177	0.19795562918539125	-0.6815265051937756
461.684	0.5305353922461468	0.48394361214459725	-2.5878662575055222	0.21072968135082704	-0.6782618287430043
461.728	0.5231779906037902	0.4796686043249787	-2.6162525639361975	0.1583614654117145	-0.9173817443732408
461.771	0.5179958377243781	0.47678679885072955	-2.6529855507637774	0.14998018283723613	-0.9169905596011495
461.815	0.5126084403688564	0.47402821172411785	-2.689490707178225	0.15198904372641125	-0.9134667105483584
461.859	0.5071099997356621	0.47146227723765016	-2.728288303679322	0.15073688448237108	-0.9862193505685993
461.859	0.5015770118756999	0.46917558449677965	-2.7678311096354467	0.1488996693853879	-0.9916159651083174
461.902	0.49599955604845947	0.4671365458011679	-2.80768200298663	0.15136481642270047	-0.9917427286162325
461.936	0.4899648071390142	0.46515963249597914	-2.846233873004888	0.15984650432008485	-0.9564328797098629
461.978	0.4856163894263436	0.46404404739547384	-2.875288047769792	0.05683510481685734	-0.4847927352137951
462.022	0.4829325109132774	0.4636106072756124	-2.8899487343878634	0.12657394886051487	-0.3427986776275043
462.066	0.4770806452190861	0.4622843824325039	-2.906878046626375	0.19072849861670257	-0.6121109537182948
462.11	0.4692326493144049	0.4610829035633075	-2.93358956671137	0.19779860339907618	-0.6791508361166559
462.154	0.46124039937416983	0.46004510028382617	-2.960497810699408	0.2051263156011684	-0.6670053281024814
462.198	0.4528775779065343	0.45894125752058035	-2.9870354390323226	0.21816311771773136	-0.6576140080312974
462.242	0.4452363991086208	0.45800751722042243	-3.0150821865112634	0.11460293178014067	-0.766216239594601
462.286	0.440792972206025	0.45740835980223726	-3.0459987357484755	0.11662412918923194	-0.7640492778886977
462.33	0.4360901306908025	0.45707076578773786	-3.077331838764676	0.1477124984181819	-0.932981591409023
462.374	0.4296463663012998	0.45672803122391625	-3.1156115709052568	0.15761742751381314	-0.9526267420580901
462.417	0.42335483330665985	0.45668692887513085	3.129377215631091	0.1564194863731591	-0.9580866740722292
462.417	0.4171366641210432	0.45688768585282435	3.0906685531706652	0.1589671995233055	-0.9516153292087015
462.462	0.4109001473666619	0.45735003020290493	3.052961495139659	0.14057345761550386	-0.8401499204004939
462.496	0.40498210256086764	0.4584944144377387	3.0252791111986457	0.18985987896111747	-0.5605606873749425
462.542	0.398762397651686	0.4599964812180362	3.0063624079076945	0.15135578112589562	-0.48751393467668325
462.586	0.39186758485432255	0.4619449796985048	2.982952205338651	0.2039517461065207	-0.6533342247807742
462.634	0.3835806220784907	0.4637655130975828	2.9573930424840817	0.2185331348834164	-0.634122361840139
462.682	0.37498646832845867	0.4656873656814445	2.9323869901426085	0.22257876529714693	-0.621153328814367
462.726	0.3663218784484521	0.46785941185054597	2.9079353242909116	0.22352311561873597	-0.5981474820919711
462.77	0.3584550848687096	0.4700171496178486	2.881723622465183	0.11576530612958419	-0.770213011830531
462.814	0.3540873033162332	0.47113451693428315	2.8507375575174754	0.11854671521285527	-0.7654135897694565
462.858	0.3495600876424305	0.47255645219992565	2.8200479496719955	0.1190889269934296	-0.770503957919834
462.858	0.3442990890729573	0.4744069608337889	2.785146752890594	0.16001209796129578	-0.9483709711983258
462.902	0.3384302507617948	0.47671949938852937	2.7470176597153158	0.15703859637026893	-0.9555784935222063
462.936	0.33271373061152104	0.4792391737274292	2.708665077643805	0.15537466108955972	-0.961775925361187
462.982	0.3271360974061901	0.48199209046390346	2.6700815794332216	0.15784032411330448	-0.9521969819760897
463.025	0.3216167747654763	0.48498786776859826	2.6328592114758096	0.13806183809836947	-0.810593742244366
463.07	0.31912968833950356	0.4869753026742387	2.610844682594368	0.029146816806924977	-0.30833951756810823
463.114	0.31896406627823765	0.4895878697015265	2.597904346300356	0.11447500377974965	-0.5052013030569666
463.158	0.31430254379509337	0.4949192592910259	2.5757950875380726	0.21027156876295355	-0.6039986422042728
463.202	0.30733434897557654	0.4997272623014494	2.550514311537233	0.20434804968177225	-0.6564047369194601
463.246	0.30090214760623946	0.5048158037189454	2.5237107459397237	0.20446537873767878	-0.6637679010236064
463.29	0.2948154041856425	0.5100323550657314	2.496574191275896	0.13397421030677184	-0.775005319937989
463.334	0.2916064928247579	0.5124359310187896	2.4681971969549505	0.10157472972174932	-0.6933043976489245
463.378	0.2877985084276081	0.5157097801958046	2.4353171559467364	0.1681425680640916	-0.9590622535751686
463.378	0.28298297147783014	0.519947514633742	2.397389779068221	0.1591284666236971	-0.9493230294008507
463.422	0.27850104414801025	0.5242475879280161	2.3586223391700845	0.15426245061585817	-0.9680782644083473
463.456	0.27422587004742477	0.528631948522803	2.3189523581313796	0.14799520569027447	-1.0041251960211137
463.498	0.27027449137645343	0.5331028427922585	2.2790774764927777	0.15378047285909288	-1.0205487574547785
463.542	0.2664085062283379	0.5377788799995437	2.239621254895762	0.14707730365038402	-0.9963641920495353
463.586	0.26284419736327735	0.543029017100763	2.2031687542444462	0.17734035733908005	-0.7773974927696672
463.63	0.2603620196422704	0.5491339728655953	2.1802941651603063	0.10968020059557218	-0.40726966283156835
463.674	0.2604403378526159	0.5543662183061906	2.1610649629100944	0.1495945392702155	-0.6803891134523461
463.718	0.25767267155025314	0.5616419925297023	2.1338564950937378	0.21195680297424044	-0.6548553311998605
463.762	0.2534131201286135	0.5690402818145801	2.1065252679877733	0.14531464486882364	-0.8362275781031636
463.806	0.25124411330832236	0.5729005755120498	2.0761911201165324	0.11143588768148104	-0.7368703186057374
463.85	0.24915219742547376	0.5768380140311608	2.0464819200175772	0.10640824781967514	-0.7707125995476641
463.894	0.24651412166757106	0.5821443824330043	2.0102325860663055	0.15933226839542794	-0.9498558152434979
463.938	0.24394959287010312	0.5879373651654037	1.9722164417663854	0.1578516989966712	-0.9541935105067131
463.938	0.24188671247775348	0.5933426764083416	1.9372583398966479	0.1087812911371411	-0.7326283251112315
463.982	0.24094616795560622	0.5958802700670472	1.9152795001782197	0.03224050560854318	-0.38491741741261604
464.016	0.2406424964833495	0.5965855677281826	1.9034790626456268	0.09026176382326023	-0.4066190914973821
464.057	0.23893752627080955	0.6027864192808522	1.8839827096405375	0.18307877902729974	-0.5373733145312436
464.101	0.2371813287816157	0.6103137520191865	1.8594210620909366	0.20290750893894474	-0.6834081472154433
464.145	0.2354670710279017	0.6181310000055116	1.8324046051677811	0.19992498595334868	-0.6672942156959457
464.189	0.2337245414369818	0.6263228848461206	1.8057164476654832	0.22123846044818934	-0.6665988694256317
464.233	0.23193880290826357	0.6347516939526774	1.7775035034718933	0.15414358185312374	-0.8991184324345078
464.277	0.2307960644793385	0.6403959377492775	1.741245732585344	0.14536315738213934	-0.9087348159725045
464.321	0.22990436055415875	0.6461743678005233	1.7050660623571052	0.1431554071026037	-0.9128754141197849
464.365	0.2291731231089898	0.6522156890137996	1.666368754480333	0.1521453123142995	-0.9774303604000377
464.409	0.22872233344405896	0.6582573834613057	1.627177096669662	0.15058092203640408	-0.9831433415202818
464.453	0.22854608717748642	0.6642380815282458	1.5883735304862199	0.1348761938654411	-0.9042347276512791
464.497	0.22859070117305974	0.6677341061457625	1.5629223858892258	0.036429913024250846	-0.403029536543349
464.497	0.22866438774588999	0.6680603957719016	1.5521355205530352	0.04322538721643853	-0.31359187407008215
464.541	0.229466104723127	0.6733037169378966	1.5352041971491344	0.16171811473294465	-0.462242916706023
464.575	0.23047431740180865	0.680351135157774	1.512996749513121	0.17985195322613737	-0.5943407980000691
464.617	0.23177118258049872	0.6878473139291474	1.4878198896868433	0.1973289050894697	-0.6404354999506919
464.661	0.2329023075188787	0.6962068495666371	1.461831617671529	0.2190852439339307	-0.6426802194750278
464.705	0.23405377080616438	0.7046469544356866	1.434776947385792	0.13557838550387286	-0.8014977767015172
464.749	0.23467825353127725	0.7094330827224176	1.401924035261613	0.11846569503831716	-0.8455673873886059
464.793	0.23568247576117413	0.7146003113145033	1.3678747727837977	0.17156014738558997	-0.9878878782972556
464.837	0.23703820181335078	0.7208580332757448	1.3297937787439864	0.1580180786570093	-0.9515815633052084
464.881	0.23867132753231102	0.7268948832764571	1.2914257493926697	0.15514112674567943	-0.9570666645347546
464.925	0.24048471555276507	0.7328692699223877	1.253149016121799	0.15914848357892808	-0.9476860021828258
464.969	0.24250337535905764	0.7386164022252188	1.2143205198504272	0.15101124981860398	-0.9645279771857411
465.012	0.245344474672258	0.7454479650577975	1.1822809884535348	0.2127529083882375	-0.5969185994505716
465.056	0.24853680496254396	0.750807344630396	1.164979760811005	0.10902697857616411	-0.3639444853729058
465.056	0.2528730887795552	0.7542451609697467	1.1462823483247735	0.163356436516186	-0.5720954554258268
465.101	0.25693007066627405	0.7613327441943932	1.1216472344056894	0.22250660901671754	-0.6201593755580725
465.136	0.26108733447264343	0.7693062252178076	1.0971501997577904	0.22976826434747735	-0.617638306365753
465.177	0.26413386150983215	0.7746807518776728	1.069020080217958	0.09392822589997897	-0.7128857522287897
465.22	0.2660780491748441	0.7781879428543447	1.0407969504076	0.1033416820162327	-0.7007569102275156
465.264	0.26834222042539	0.7818097173429228	1.0113421409667138	0.15355838689839707	-0.935408869481808
465.308	0.27186809773080123	0.7873013883663695	0.9734706858625206	0.15985321696325408	-0.9424141961098034
465.352	0.27555118431846065	0.7924981861873026	0.9356497178359805	0.15835799722372448	-0.9487403130652794
465.396	0.27935674959299855	0.79745568258072	0.8972087549582423	0.1593594850973477	-0.9509521461934212
465.44	0.2823889030487312	0.8009385895349257	0.8677210608496626	0.05975551440784851	-0.48973323970349764
465.484	0.2828518716825921	0.801217291706038	0.8565989305972772	-0.019821139200762394	-0.12716897887118755
465.528	0.28836866236970776	0.8025004047260609	0.8363290647362841	0.15813475880689157	-0.5887754222662527
465.572	0.29462118596997555	0.8062712706105936	0.8105790963696958	0.1849526293977417	-0.6760745135384875
465.616	0.3009292377242324	0.8107857081086207	0.7834080735270097	0.19962791230806687	-0.6771047937567656
465.616	0.307174495027362	0.8163713555454106	0.7571508141836595	0.21391394125321433	-0.6475308053648767
465.66	0.3137100192423324	0.822070328372887	0.7319163032157165	0.22316361229774828	-0.619506834393637
465.696	0.3194761253748507	0.8268086706796094	0.7033209298359893	0.1195677361031246	-0.8078262095121227
465.736	0.32324370632565447	0.8299812147431894	0.6709697818061805	0.12684305304543914	-0.8028046007741495
465.78	0.3272604888363582	0.8330726036836583	0.6386336373462279	0.12005097317580393	-0.8429495135547231
465.824	0.33212850367184654	0.8365895301046049	0.6015970526736084	0.15738604085217572	-0.9566731578441812
465.868	0.33736715052352895	0.8400252476289858	0.5632812518655856	0.15589449536751512	-0.9608536257712003
465.912	0.34268828705637244	0.8432228557029959	0.5246603571025494	0.15224919754520494	-0.9876752054150615
465.956	0.34799794425900776	0.8461057588805511	0.48803966143517924	0.1295997472669755	-0.7868453021040736
466.004	0.3507526409109029	0.847455049143173	0.4652100103981925	0.02616703350508666	-0.3428978688469585
466.047	0.35053987556769006	0.8472581067115363	0.4575033846025261	-0.02823197462716488	-0.09925834256004439
466.091	0.35468248764344484	0.8481904252538834	0.4420442909604475	0.1787447702406361	-0.5941027509105812
466.139	0.3624448281981045	0.8505212511047977	0.41503760360341074	0.1968624156458905	-0.6662544217036038
466.139	0.3698405488805376	0.8530797072892361	0.3876022958538082	0.19259580911281385	-0.6803746545568962
466.187	0.37753218056053167	0.8556143992607086	0.36050199256635357	0.21293133634761824	-0.6787744110283218
466.216	0.3859212540131908	0.8585889297583892	0.33395853884834587	0.20902408715979065	-0.7022795948913504
466.259	0.3910744918685813	0.8601364850624235	0.30079667501696034	0.13064702691124505	-0.8198798288370948
466.304	0.3961164760726915	0.8616001979659647	0.2677941423844382	0.1311024137252397	-0.8278473242123812
466.352	0.4018079456762809	0.8630920455866163	0.23164926812093156	0.15995502098768252	-0.9493536979922509
466.396	0.40796983521441904	0.8644081233927817	0.19346907499169994	0.15682227621374947	-0.9569983867612504
466.444	0.4140602947157108	0.8654437667076657	0.1550935084527572	0.13937537809653935	-0.9563807151414514
466.492	0.41827299797101913	0.8659697999795029	0.12645116988548352	0.056162482009244154	-0.49837108953018217
466.536	0.4190577447214755	0.866087724993634	0.11292958563198718	-0.006075580787731498	-0.22262753296356744
466.536	0.42028400682920086	0.866164379949889	0.10183811732083715	0.13069803361562518	-0.4632585542149501
466.584	0.42719989376045403	0.8661944129651293	0.08121085601887616	0.19092899941598127	-0.5893369150248013
466.616	0.4347733221394322	0.8658921152719651	0.05611772936562578	0.17616340380311338	-0.6085579815636272
466.659	0.4423333077338941	0.8652762571257845	0.030906111698354062	0.20610547035536342	-0.6554018877425792
466.707	0.45095911752726114	0.8651024414749022	0.0053034850002908005	0.23164421047999653	-0.6258180627214247
466.755	0.46059163538293124	0.8650193258753563	-0.01805611066829112	0.21967894407821462	-0.639004631777144
466.803	0.4658266396840003	0.8648752371410614	-0.05032544936026272	0.1267646664223217	-0.8048946642198669
466.851	0.47094667474095686	0.8645283752367584	-0.08270334612397204	0.1285650375193412	-0.8117825678402203
466.895	0.4767311605541842	0.8639788394641206	-0.11786466370430818	0.16276954579162745	-0.9384241494065036
466.942	0.48306386503682786	0.8631103512954109	-0.1556390073239567	0.15904353822854092	-0.946638117837246
466.942	0.48928942814399967	0.8619989321738392	-0.19365181157251096	0.15764665269989178	-0.9554418779459343
466.99	0.49492773069612306	0.860707163324201	-0.229369599211938	0.1112498212241855	-0.7074858058158576
467.016	0.4969681849598574	0.8600738404834217	-0.24833636494970082	0.009484354696987211	-0.27159590914114407
467.063	0.49722858461459774	0.8590695642310368	-0.25936126357322414	0.09165237742366526	-0.4727086406294289
467.107	0.5023481208568029	0.8559148373039571	-0.27818869516708034	0.1729680672989974	-0.5272875258852529
467.155	0.5094399870885526	0.8529923478078708	-0.3022773831698003	0.1879474828819054	-0.598426306968925
467.203	0.5159202722524444	0.8498463388830599	-0.32488372861376835	0.18463903578224167	-0.5697197020469206
467.251	0.5237683123442355	0.8466536909893418	-0.349159999089369	0.22506176391123986	-0.6086719375530232
467.299	0.5326775262525237	0.843220438092342	-0.372262068457671	0.2514187570272869	-0.5452423693430746
467.299	0.5377007026135112	0.8412011725977995	-0.4040469130679384	0.12622749833928593	-0.8046955587793126
467.347	0.5423560827027487	0.839105981236839	-0.4364200293535343	0.12745852018420134	-0.8123998898108336
467.376	0.5474837957695732	0.8366324252964619	-0.4719043812926505	0.16005565747256809	-0.9517596808832798
467.419	0.5530330617382375	0.8336652766493333	-0.5101159957399158	0.15658548579916842	-0.9577850687885274
467.467	0.5584069263333407	0.8305047903925213	-0.5485763606428818	0.15536710644571944	-0.9649151462226047
467.515	0.563595195482212	0.8271639174028589	-0.5873790698358368	0.1568754552900505	-0.961332223829706
467.559	0.5682516564883766	0.8238017363295966	-0.6217785566768305	0.09882081147903275	-0.656951776503353
467.603	0.5696892818383337	0.8213342022756733	-0.6410503458806321	0.11124903814340548	-0.5551510934125833
467.646	0.5725129086493028	0.81529431232749	-0.6639989640093126	0.1836378596258002	-0.6224615847863004
467.69	0.578487868707412	0.809841196001579	-0.6901651052030356	0.20471287098176974	-0.6665335747237283
467.734	0.5842483994960216	0.8040183763481791	-0.7169590236658121	0.20237547551704466	-0.6606556111885005
467.783	0.590335558284081	0.7980983152516582	-0.74277941275926	0.21667372683328567	-0.6351794284587985
467.783	0.5968215939414704	0.7918157471629436	-0.7674268177855778	0.23921981813784943	-0.5860421509556561
467.83	0.6010444275554305	0.7874289414151139	-0.8004036628448146	0.13368305752809057	-0.8594756205438914
467.856	0.6048107507161334	0.7834102469494009	-0.8346265317265955	0.13211535740537858	-0.8866732514462554
467.902	0.6087007026126002	0.7790054025102457	-0.8713004436906638	0.15921585767571111	-0.9574835722516148
467.951	0.6126398652002334	0.7741316357635715	-0.9096877283961927	0.15596127266863197	-0.9620688179187272
467.997	0.6163473944008112	0.7691500966649972	-0.948316763515118	0.15303365686335413	-0.9778923567994748
468.046	0.6199145776288054	0.7639902339846798	-0.98675452462353	0.16025536521991768	-0.9528224044220708
468.094	0.62326439320886	0.7586473409171971	-1.024839379321526	0.14965879271820803	-0.8810859587886769
468.142	0.6256638933547289	0.7530458893766467	-1.0548551406580495	0.19498241182744672	-0.6755529255316083
468.142	0.6270328078364676	0.7458675560802248	-1.0804160973172823	0.1737958311577994	-0.6860370313000764
468.19	0.6289762442876037	0.7382678163295302	-1.1080970861772867	0.2102311082517199	-0.6632294642589509
468.216	0.6325681445668163	0.7305705095216266	-1.1340833222021955	0.21105481689538083	-0.6363904641810059
468.258	0.6358390131120016	0.7227001908375039	-1.1597428701662054	0.2132059129954375	-0.6457437063486754
468.302	0.6388517968451237	0.714749751505754	-1.185329288209888	0.2133366682557981	-0.6411194118144545
468.35	0.6416185399805063	0.7066790476253955	-1.2106668266105671	0.21619584561598545	-0.6322127305195429
468.398	0.644070234191886	0.6991998997908513	-1.2395194579968971	0.13760778433447476	-0.8525346404213235
468.446	0.6458159196881873	0.6940045599337801	-1.2740906395134324	0.1401695350262478	-0.8604996069255402
468.494	0.6473807476101182	0.6886049643939514	-1.30862086403331	0.1410884733721609	-0.8663549012621453
468.538	0.6487435199124325	0.6830054819937605	-1.3447441368656852	0.162342035945598	-1.0019214715972546
468.538	0.6500703957286603	0.6769997953548055	-1.383888209606958	0.1517660268879471	-0.978660193270961
468.586	0.6510835947654598	0.671046510459369	-1.4231823913877844	0.1500118043920993	-0.9855642735179365
468.616	0.6518302275146163	0.6651219495891282	-1.4627473362008792	0.14888895589640302	-0.9924858670554626
468.658	0.6523563934853783	0.6589292243249377	-1.5013953626595389	0.15088047959170342	-0.911837840880179
468.702	0.6524284439482336	0.655007932021034	-1.5280105463025684	0.041243544076847063	-0.43599156897689956
468.746	0.6522401969071996	0.6549275612784926	-1.5377139599282663	-0.024135636334200815	-0.11915243858875059
468.794	0.6521533898942286	0.6563504223048006	-1.5407184335429651	-0.04189092113143029	-0.050605544614848785
468.842	0.6517818419126691	0.652644070378902	-1.5540239730228762	0.16933380449121463	-0.4936545791877349
468.89	0.651288884022466	0.6446626967108443	-1.5791991964046848	0.1993689816858881	-0.666593500509281
468.938	0.6505288329978514	0.6368919373336701	-1.6067088698121803	0.193339948694679	-0.7012729678399543
468.938	0.6495248350896403	0.6291886635689501	-1.6341806622531436	0.19815457911287612	-0.6807773418909984
468.986	0.6487331402416412	0.6207106953195617	-1.6612998871922529	0.22782306187047224	-0.6568031482779996
469.015	0.6479053896272037	0.6132342561228213	-1.690736690324582	0.12445388233201513	-0.872117786540273
469.062	0.6472288914255447	0.6079582547894818	-1.7249524453968714	0.13696242342593368	-0.8464580005024953
469.11	0.6462737250337468	0.6025697458130366	-1.7597996241766136	0.16303089441175442	-0.9871995548234412
469.158	0.6450108874760528	0.5963573075762599	-1.7983531134139628	0.1556675571164543	-0.9609932963026611
469.206	0.6434947823741012	0.590348823317747	-1.8369215125976524	0.15402191613737384	-0.9674065928429861
469.25	0.6417511251891675	0.5844253332063591	-1.87583675231101	0.159824598926184	-0.9522505571930895
469.297	0.6397793604789415	0.5788320096259046	-1.911765695592825	0.11489988565207045	-0.7146205869169616
469.297	0.6379294886495415	0.5763551383402888	-1.9333563268710037	0.10372446293835867	-0.5269480929700123
469.345	0.6338820815603177	0.5724183699438307	-1.952160049079998	0.15110869539499677	-0.5242679428026363
469.376	0.630060479589032	0.5661027545676264	-1.9771615735864922	0.195710107371947	-0.6806416420712944
469.417	0.6264255940178185	0.5591164140617244	-2.0043061851099733	0.1982612512465732	-0.6708905859746161
469.461	0.6225665557331982	0.5518395988117113	-2.0310294666612414	0.2085764886767633	-0.6532626779162422
469.505	0.618427908753627	0.5442138961754581	-2.056505283746548	0.22730377957459458	-0.5990012718401049
469.553	0.6141774910870398	0.5366719233989038	-2.082255251920099	0.13344652315012198	-0.8499977775722236
469.598	0.611626195538104	0.5320801828206472	-2.116657817519518	0.13774623896015412	-0.847795021409971
469.641	0.6086953337125346	0.527410758050622	-2.1506755989075104	0.1382988860205408	-0.8536445969908235
469.685	0.6053532743361931	0.5224728255685411	-2.1878297315593476	0.15670979056689777	-0.9580030958863293
469.729	0.60164645345407	0.5174647675321156	-2.2262713419085434	0.1550599140990379	-0.9638132053371473
469.773	0.5977822524123596	0.5126556933493742	-2.2649528686372298	0.15336589895532746	-0.970183294335398
469.821	0.5937582197000806	0.5080127502661167	-2.30394191170879	0.16035019811767276	-0.9540418137014435
469.821	0.5898513864587835	0.5039709515174868	-2.3375403476550005	0.09110015518266978	-0.634349675448025
469.869	0.5885262032388187	0.5031187254349083	-2.353031206677063	-0.004356457019738469	-0.1845853905273506
469.896	0.5845139377853754	0.5026127750212331	-2.3700036498651973	0.1523471537305741	-0.6102001946135281
469.941	0.5779787003354652	0.49876612230596895	-2.3959624184511554	0.20082751543968813	-0.6743726591691557
469.989	0.5718994928045619	0.4939041159368795	-2.423262175216212	0.18937783140054126	-0.6817652754990602
470.037	0.5655721798354422	0.4893084305780042	-2.450673952674078	0.20047702914797638	-0.6786920297488339
470.081	0.5588476965545189	0.4843880039455328	-2.4778505040941954	0.21924176530608058	-0.6826931952893389
470.125	0.5537349673139087	0.4806933093524982	-2.5097023692927922	0.12275960534180527	-0.8439653722478372
470.173	0.5495082240482861	0.4776748131681653	-2.5427986631175385	0.1316938438115436	-0.8249891918086978
470.216	0.5446669930636217	0.4744919288138987	-2.579242316935747	0.1585851984149241	-0.9582657025369804
470.216	0.5393175932950305	0.47127405518159254	-2.6177296020363627	0.15539565051716264	-0.9644498143796887
470.264	0.5338974772940674	0.46830913016962367	-2.6564609982202247	0.1488236532686021	-0.9933769512100927
470.296	0.5283621001113004	0.4655102312163724	-2.695019423415144	0.15565823478481577	-0.9601545732574702
470.336	0.5227262088627481	0.4629588991429723	-2.7335030731037224	0.15821236843158093	-0.9212495872652535
470.384	0.5155321046861665	0.4602343045169687	-2.7632381939807447	0.18941860138075317	-0.5800928271354258
470.432	0.5101441352654539	0.45928378783582136	-2.7808973512443727	0.1048585165142753	-0.36821656305837647
470.48	0.5036036303571371	0.4583596456761568	-2.8028086704251605	0.20972697638367074	-0.6431919427755789
470.524	0.49536759288296917	0.4558568248085174	-2.828078454479641	0.2170879660430504	-0.6184315990179987
470.572	0.4869058773877182	0.45354872104349364	-2.8528016373704332	0.2191058761480696	-0.6200086901906853
470.62	0.4783303907427395	0.45141363263104434	-2.8777671610023483	0.2255410443664534	-0.6213219379796688
470.62	0.47317910958983317	0.4503048960073684	-2.9063079393903153	0.0960022905060334	-0.7279473251391075
470.668	0.4691190313334863	0.4493877799149143	-2.9346516174567427	0.10500910097707931	-0.7095897150429602
470.696	0.46484393891615816	0.44861027492809	-2.9641706735791744	0.1580293294353258	-0.9383693390226643
470.736	0.4583347504860489	0.4474633925941982	-3.001641523761269	0.16170348137684132	-0.9347461569641945
470.78	0.45192484063006505	0.44667794458118837	-3.039124496605293	0.16054352282804252	-0.9399400121242771
470.824	0.4456025240436975	0.44616529117815873	-3.0770544475721073	0.15837293312663153	-0.944074153372673
470.868	0.4392829798914447	0.44587596599213924	-3.115108722113813	0.15950287853690517	-0.9505818324400566
470.912	0.4345107196927779	0.4460193590932223	3.138009943557561	0.06308541553786544	-0.5085945563325969
470.956	0.43276411191792474	0.446749790073527	3.125926641353856	0.07654398363501942	-0.21678924752069748
471.0	0.42802362625366125	0.4476463624164329	3.1123032997482487	0.17480061022783427	-0.5683721856891538
471.044	0.4199421317417412	0.44850241940247754	3.086287699472897	0.2093988835984387	-0.6616769674737377
471.088	0.41166958776368706	0.4495787059313324	3.0606256481144123	0.21297958754439103	-0.6410543845739416
471.132	0.40305397344731786	0.4506690973366684	3.0353951604517184	0.22442903599091715	-0.6233102528614741
471.176	0.3954039315833432	0.4517140111397617	3.0079382822877676	0.1071135610911135	-0.7633889787317063
471.176	0.3910961087216181	0.45226741794726216	2.977594198796194	0.11298769697566673	-0.7505452787648247
471.22	0.38641244881875947	0.4532008079535296	2.9459288619329254	0.16176918422572975	-0.9852893068749148
471.256	0.3802227840537207	0.4544676065563367	2.9073126148081783	0.15509008187749387	-0.9639828109266204
471.296	0.37424201453447986	0.4560216519925378	2.868618188263837	0.15385603893522154	-0.9712178188436855
471.344	0.36834336847791393	0.4578220516630396	2.82975226944513	0.15265750891578483	-0.9833969583658311
471.388	0.3624261137112519	0.4598501388286633	2.7912160159979047	0.15180138059353282	-0.9774439786888297
471.432	0.35563876125801674	0.4626084427437874	2.7590814731902196	0.22089172976507307	-0.60900383092103
471.476	0.3496162025148234	0.4660397764780689	2.7412635741763993	0.1308524630789533	-0.42224423259313343
471.52	0.3454169192101591	0.47030959188630334	2.7213325529704626	0.1720809752364419	-0.5688806008694999
471.563	0.3380336573078633	0.4743242010269776	2.6973790763221053	0.22836211614521557	-0.5940688900789395
471.607	0.3298453834518809	0.4784968263105045	2.674133605403584	0.23229493760582942	-0.5815787909479309
471.652	0.32178237557223743	0.4828770166919294	2.650905412343907	0.22931372486224053	-0.5851827333760036
471.696	0.3189170047384124	0.4835586420823398	2.6487784238110432	-0.0008768809189092083	0.01894706859171069
471.739	0.3189368852253489	0.48350222312369934	2.6492315562014337	0.000180053482385697	0.006261660300773492
471.739	0.31889968911458577	0.48351509310661717	2.649315580999525	0.0018424947072232184	-0.0023593283796405156
471.784	0.31881707046166735	0.48353573456299215	2.6492183486905483	0.001760581098052402	0.004363901061149332
471.816	0.31871173037902806	0.4835851323211661	2.6495967824211495	0.003943699430395577	0.014496093082451554
471.856	0.318540666044324	0.483693656201134	2.6503910240538087	0.006056624226680399	0.025191930320496256
471.904	0.31850279558272504	0.48373797830417903	2.6504373022373504	0.0017769167419025064	-0.005099762973635084
471.952	0.3183991385979422	0.48378321541557656	2.6499792565117284	0.0037802933330950863	-0.016013675404697454
472.0	0.31832042023484475	0.48381037778407304	2.649678893987102	0.000658204363631126	0.004787897010090627
472.044	0.31825964549893526	0.4838433314108488	2.6500594960160546	0.0026280413605878302	0.01389442373441582
472.088	0.31821158158617235	0.48390828998602975	2.650493875624254	-0.001019028233624804	0.002636206298270229
472.131	0.3182113001851009	0.4839010779244679	2.6503438836953066	-0.0005030907084713295	-0.006090957985930324
472.176	0.3184049474869908	0.48382264052131246	2.6506478473056014	-0.011812691045161349	0.008917918589894018
472.176	0.31885922241631826	0.48366174216528446	2.6513496813335586	-0.014763043428038651	0.012513216702072352
472.219	0.319375445013325	0.4834809583924772	2.6521478536078633	-0.012022656831254369	0.024693889339092105
472.256	0.3194356840453687	0.4834639805352671	2.652223509213739	0.0022440187216514916	0.002688060301774445
472.299	0.3193587046064874	0.48353433597595213	2.6524276871481742	0.0017472021346371	-0.0013030311120497732
472.343	0.3192883780671596	0.4835681250362476	2.652293155393773	0.0028141189860210808	-0.007986144996024151
472.387	0.31917636921650944	0.48362468509626255	2.6518939684513207	0.0007419437624709062	-0.00012488444495842893
472.435	0.3191238951026747	0.48365389187244057	2.6520837200667144	0.002448605845986152	0.009174400556681327
472.483	0.3190674726948465	0.48370697562775994	2.65234478579568	0.0002609474818662204	-0.0005809526258112651
472.527	0.3190125625161767	0.4837372909109649	2.652084218522875	0.002236299289258855	-0.009958358358216212
472.575	0.31898832126426047	0.4837441669717882	2.6521022775490546	0.000999850350599613	0.005981082233661588
472.623	0.3189745668254787	0.48376823527943846	2.6522530207238137	-2.689404738886195e-05	-0.0020965056059860363
472.623	0.31903843733952236	0.48372789998375854	2.6523122942516286	-0.005083294130507203	0.0066616467258610495
472.667	0.31935855901428234	0.48356710219203336	2.6529730356122943	-0.012079433501795552	0.016750983720937883
472.696	0.31961494450619243	0.4834850739661131	2.6531951423482365	0.0006921646598675249	0.004651275780247377
