319.535	0.012915780433497646	0.26980861739601325	0.547964409841922	-0.0034271592496787928	-0.0006824042511738337
319.576	0.012799208080926345	0.2697361929434303	0.5479695786913796	-0.0034794337901996797	0.0002825369760749939
319.615	0.012680987242361986	0.2696628324542563	0.5479672075295908	-0.003512386191489656	3.9561816125640345e-05
319.656	0.012561235461357428	0.2695881057239063	0.5479584251873959	-0.003555554458383035	0.0005788704447005333
319.696	0.012438583003136949	0.2695133229977811	0.5479585698529316	-0.003622016609001184	0.0005908627943074469
319.735	0.01231356851727065	0.2694373602655607	0.5479478375437798	-0.003690758684145946	0.0003682034886587025
319.775	0.01218663240887705	0.26935897254195423	0.5479519930148155	-0.0037854351573639268	0.0007788629086852136
319.815	0.012055409189791255	0.2692801311367551	0.5479504228946571	-0.0038745101391372857	-0.00041201254107932567
319.856	0.011922909787846128	0.2691982810467152	0.5479449613647175	-0.003943349718256229	-0.00037297083773358126
319.902	0.011786308449888903	0.2691140230764164	0.5479497585040295	-0.004070662188798218	-0.0003404709781063443
319.946	0.011645831336862075	0.2690283892155504	0.5479362013022003	-0.004148209908077849	-0.00018949244408882713
319.99	0.011502354664137592	0.2689394250696397	0.5479417664431371	-0.004301449480252643	0.0003885969015394333
320.034	0.011353498902304256	0.26884847709953763	0.5479416935830704	-0.004430181505795658	6.2961921284184734e-06
320.078	0.011200863918186359	0.268754451937506	0.5479389199107889	-0.004561278892697139	0.0009233816530617271
320.122	0.011043223135333395	0.2686577529915159	0.5479376331270558	-0.0047038247930183946	-0.00020702202763550493
320.166	0.010879474125720393	0.2685582776918935	0.5479354389412934	-0.0048754955420354535	0.00040019580982408333
320.209	0.010711072333829619	0.2684550722663605	0.5479355463967553	-0.0050195817366195	-0.0002445167674578767
320.253	0.010536404046437353	0.26834830690854644	0.5479335373502797	-0.005214619327205061	0.0002894911337331394
320.297	0.010355142000803869	0.2682384732854358	0.5479324458727902	-0.005421049219404662	0.0012474964733402538
320.297	0.010167566603454442	0.2681240511963831	0.5479304227815818	-0.005614746012467952	5.67701147803327e-05
320.341	0.009973550107992099	0.26800473190587903	0.5479259890248395	-0.005767954931335017	1.5273774188295175e-05
320.375	0.009771500466011482	0.2678807905541593	0.547925375161901	-0.006042570335301815	-0.00027862360404750226
320.417	0.00939340909032596	0.2676446561635961	0.5481875584754946	-0.02036349625371829	0.019128808177388608
320.465	0.008605210314200848	0.26718233804117564	0.5481314592014772	-0.023565783059046722	0.015943286852115227
320.513	0.007754928930092345	0.2666832256342655	0.548129967852052	-0.02536862643709438	-0.01588093404939123
320.557	0.0069111543677611575	0.26618859491581565	0.5481845925750027	-0.0242783817170271	0.00037210064386559007
320.601	0.006084959186825556	0.26570996287715193	0.5482056676011311	-0.02339357451501293	0.007204842300661786
320.645	0.00527516197246003	0.2652533559333872	0.5480694097426784	-0.022578888972629337	0.00022461315412091102
320.693	0.004498131545552786	0.26480834633536454	0.548106074119229	-0.021766461362007314	-0.008443284126338003
320.737	0.0037620769917027647	0.26438795605419413	0.5481754896008177	-0.021234760249977346	-0.013596852079033295
320.737	0.003058476672002791	0.263992866249996	0.548166912929525	-0.02007395624016699	-0.008133334342997364
320.785	0.002387852763921325	0.2636180914474755	0.5481605298313809	-0.019171340202075185	-0.0083916895162374
320.816	0.0017528775708708783	0.2632619613631917	0.548203243804333	-0.01806676339374596	-0.005617985707739394
320.861	0.0011497789376787998	0.26292688158735555	0.5482054482775923	-0.016932121858512054	-0.00021400123099702813
320.905	0.0005799297938872405	0.2626098105409396	0.5482222399099279	-0.015898407930573552	0.0019337566060541847
320.949	3.798057571310909e-05	0.26230931144360636	0.5482134533262225	-0.014860781211115781	0.012537938463217657
320.993	-0.0004817214625296995	0.2620201902262532	0.548200032025373	-0.014082159799169644	0.014942935671010626
321.037	-0.0009848240191147883	0.26173527461132373	0.5482387707764366	-0.015056415051483082	-0.014509884902709476
321.081	-0.001478201183292796	0.2614489609521692	0.5483399058860382	-0.014352632608575118	0.004898206825103532
321.125	-0.001976568210509566	0.26116580818504	0.5482711872011613	-0.013684486648393609	0.012453337691188593
321.169	-0.0021869135441598547	0.26100746628446636	0.5490152697048823	3.715860509264344e-05	0.030754770308952736
321.213	-0.0021425968436651344	0.2610669302776293	0.5498723418591256	0.007128764848754162	0.005701281961916213
321.257	-0.0018378310927350677	0.2612729510377285	0.5504622137290575	0.011077993052370946	0.024204342191462187
321.257	-0.0013676483801162015	0.26154776028305693	0.5519055775393475	0.016205305340172275	0.04785968321109151
321.301	-0.0010849061464606319	0.26170615639473005	0.5520618669300968	0.008980559835819055	-0.01897787275187807
321.335	-0.00065574547905424	0.2619755308336651	0.5506332783617	0.016470051201006752	-0.052490298629727074
321.377	-0.00032767207824102584	0.26218815051268113	0.5503235134460477	0.00989850110718851	0.025894028084600316
321.424	0.00014947214172789103	0.2624459602644171	0.5519540606937055	0.006084663655520067	0.003219455289182761
321.473	0.00044891342812781315	0.26263210603637155	0.550972907846964	0.014403480618224166	-0.05264734462648776
321.52	0.0007080588811570546	0.26277250589265483	0.5511469374729538	0.004317425042240168	0.0019323502148453605
321.568	0.0008429148975409029	0.2628622628187331	0.5510887083606598	0.0040491789748264995	0.002171598307778882
321.612	0.0009762058246548591	0.26294844555501934	0.5511232213194317	0.003863547107361762	-0.002222775507793352
321.656	0.0011055018520513826	0.26302853472879	0.5511059395143664	0.0038060601962472394	-0.002559629223999491
321.656	0.0012325745452975642	0.26310367654564704	0.5511288063195529	0.003604218799441718	-1.3155586443525935e-05
321.7	0.0013523054893952238	0.2631791771121089	0.5511151540589281	0.003491562826735555	-0.0001778782762186817
321.736	0.001471199105941269	0.26324885864661374	0.5511190722180982	0.003368854949658889	0.00031668523402825444
321.776	0.0015832431500672137	0.2633185262162716	0.5511151309955991	0.0032519204852917132	-0.0006502637693376229
321.824	0.0016920859944304471	0.2633861065842448	0.5511246226727964	0.003129701807494891	0.0006590528051353303
321.872	0.001798228116855611	0.2634501304340394	0.5511205459941264	0.00302534506067583	0.0001087760351158846
321.92	0.0019005207598417166	0.263512858511919	0.5511026951240472	0.002969663139212352	0.0002109899493338562
321.968	0.0020006635030075763	0.2635724976541121	0.5511132397687047	0.0028613974469120233	0.0003350429841837737
322.016	0.0020958659799596817	0.263632340576382	0.5511104691127221	0.002772352080306748	-0.0003986342064708668
322.016	0.002189751564880618	0.2636896549913709	0.5511153589875264	0.002706423708505125	-0.0008731660698722755
322.06	0.0022820125101779935	0.2637436144575408	0.5511107159554063	0.0026405572574335007	0.00024274748250890208
322.096	0.002370796542172345	0.26379811976193224	0.5511051592107951	0.0025597063770731792	0.0008612968080578645
322.136	0.002457321849537255	0.2638513067410997	0.5510929873605565	0.0025092940278429563	0.0003872158228151864
322.18	0.002541811169167279	0.2639034708547839	0.5510895034310574	0.0024553708453691745	-0.00017014745609602195
322.228	0.0026248662848823816	0.2639532271497986	0.551100262618734	0.0023940751830276667	-0.0006003619191619523
322.276	0.0027066262957727858	0.26400227963446743	0.5510947205770915	0.0023532265356783584	0.0009478587445314856
322.32	0.0027859639311048115	0.26405180718532795	0.5510801550694986	0.0023146439521642345	0.0006361650354091651
322.364	0.0028643039744535134	0.26409939942147964	0.5510904506996998	0.0022604248482718903	-0.00011344284278851183
322.408	0.0029423287687648427	0.2641457150044344	0.5510869752667945	0.0022451556910013885	0.0008597716455881931
322.456	0.003018513157569203	0.26419284681573735	0.5510698332384975	0.002218886682733969	0.0007584553331459715
322.456	0.003094180945563187	0.2642383157075193	0.5510798298515729	0.0021860358594979453	-4.840431388244439e-05
322.504	0.0031688471703604365	0.2642843990075843	0.551062020759317	0.002181521364986098	0.0011238146178968126
322.536	0.003243375776125934	0.2643292261856095	0.551073146422675	0.002155756711113224	-0.0001436889039604711
322.583	0.0033180204709281954	0.26437391936898996	0.5510639720051171	0.002172400180979724	0.0002377492016729171
322.627	0.003391309474016377	0.26441922966069004	0.5510624757388257	0.002152820765969539	-0.0005918806037418904
322.671	0.0034657116569155877	0.26446376349944845	0.55105906223015	0.0021679174675209023	0.0005174184147739577
322.715	0.0035501777796312552	0.26451354927271875	0.5510733961058728	0.0022452946333332766	-0.0012024931428305785
322.759	0.0036155718256206254	0.26456282040420304	0.5510282047058485	0.0020668328428381268	-0.0018731973414687114
322.807	0.0036833091828024044	0.26460627660812935	0.5510190813700723	0.003097699222246226	0.007282841569388983
322.855	0.0037485593205732227	0.2646397736008449	0.5510519131180578	0.0027367191411225597	0.007318083257548053
322.903	0.003792018436910176	0.264668394404852	0.5510423982505938	0.00047605595803630976	-3.200265650409954e-05
322.903	0.0038171499392045775	0.26468794404687895	0.5510219653389415	0.001008246738514216	-0.0035439341484079833
322.947	0.0038334348594839356	0.2646990745403821	0.5510163756724358	0.0006132331753573814	-0.003476506679446316
322.976	0.0038377118064106645	0.2647019391078055	0.5510151997426841	0.00022748278914461813	-0.0034385241304443264
323.023	0.003814672584038125	0.2646853495952025	0.5510272985222424	-0.001045373168018394	7.382475547018608e-06
323.067	0.0037838489800795464	0.26466116729846034	0.551053367621199	-0.0014111666904572237	6.644815463005003e-06
323.115	0.00374326217305938	0.26462748386655566	0.5510968278435098	-0.0017684047167562458	4.632145893486937e-06
323.159	0.00369053427418883	0.264586423302945	0.5511398340743815	-0.002115057441010687	4.809718022963257e-06
323.203	0.0036229753270969386	0.26453396957754666	0.5511608573816985	-0.002190257962857483	-0.0004923210500701208
323.247	0.0035485840138725303	0.2644885751891194	0.551158639240621	-0.002166139263352523	0.0004920760628922504
323.291	0.00347361225671247	0.2644454968663796	0.5511801502860887	-0.002155574909822957	0.00017416536998549103
323.339	0.003397766114418369	0.26440344939624094	0.551167271774745	-0.0021679304901158387	0.00027152365028523193
323.339	0.003326076648762221	0.26435607759160323	0.551169707624012	-0.0021773372430294647	0.0002327193188619206
323.383	0.0032534263969672492	0.2643097735155503	0.5511795380228364	-0.002178731191000321	0.0006059657282745792
323.416	0.00318036497377015	0.26426339436446783	0.5511706710171541	-0.0021724207032978666	0.0010410126774192882
323.463	0.0031054598375499028	0.26421879006425125	0.5511592667466847	-0.0021843143950143022	0.0006457058904468699
323.507	0.0030310674931279986	0.2641716724235124	0.5511595775908574	-0.0021343981315119446	-0.001958934437816355
323.554	0.0029550670898406883	0.2641251584979875	0.551169561568182	-0.002250717862146584	-0.000585562403339047
323.602	0.002879389464893133	0.2640765829114108	0.5511699893294878	-0.0022709099521121016	-0.0006806515103954012
323.65	0.002801875103949374	0.26402799507729824	0.5511546246709425	-0.002302807729346732	0.0008218745497201434
323.698	0.0027224171232497034	0.2639798421807543	0.5511507748979196	-0.0023448884984329688	0.00029528360205872625
323.698	0.002641970831511369	0.26392997332901424	0.5511472062503489	-0.0023522522567332527	-0.001002682222049679
323.746	0.0025595337947759093	0.26387917972542096	0.5511567078620002	-0.002448566243151034	-0.0007951352506737675
323.775	0.0024759615662662826	0.2638269403032388	0.5511581877905836	-0.0025177558280491865	0.00035291590638587605
323.818	0.00239079277032557	0.2637728586690387	0.5511531594272996	-0.002552431724758857	0.0004069649460516735
323.862	0.0023027981104786176	0.26371859594983127	0.5511478552285538	-0.002615094966791222	0.0002070224700114991
323.906	0.002211310552326276	0.2636642685236707	0.5511333999598312	-0.002659980672077237	-0.0010190792813182695
323.95	0.0021193099381130558	0.26360617026691785	0.5511382097993704	-0.002758331800214317	-0.00016710206369673547
323.994	0.0020232581129474014	0.26354723230695365	0.5511423400638629	-0.002864907884107564	-0.0003129417305510039
324.042	0.0019255978775769532	0.26348537460809424	0.5511379716544791	-0.002941003394821311	0.001034890273401571
324.09	0.0018241474010224981	0.2634227354789056	0.5511373250262229	-0.003047788779453857	0.0005496436040434966
324.134	0.009019935032722082	0.2717043277199678	0.5888996571500965	0.40590129843513384	1.2552493023285098
324.182	0.022952794887512288	0.28107816221849735	0.6394874097029729	0.42252098961971846	1.2501995073473002
324.182	0.03649003549457087	0.29142512162585826	0.6890539632867104	0.42866623923209246	1.2256223093650513
324.23	0.0496222023143843	0.30260857733483765	0.7376404044545297	0.4334559731669172	1.2059216887122144
324.256	0.06228305516920256	0.3145717999139707	0.7854515355617092	0.43725692267509897	1.1907282092089404
324.298	0.07441221534727864	0.3272583614898279	0.8326798544625534	0.4401732499202611	1.1796016324119751
324.342	0.0870658170465086	0.3417070231745614	0.8776719401013907	0.518819630059046	1.0530030051974444
324.386	0.10004778471754022	0.35813355724513946	0.9205637120310283	0.5284675946079306	1.0992350962735142
324.43	0.1125456076255191	0.3754283624497474	0.965275424886715	0.5380683734106061	1.1405550076223725
324.478	0.12442969106631765	0.3935690094739823	1.0115325263396815	0.545828845345134	1.1746589495691422
324.522	0.1355890940348219	0.41249741201176554	1.0590625231607955	0.5523428195504114	1.2027801489751988
324.569	0.1459210693614742	0.4321427499658243	1.1075951862700704	0.5569777012018063	1.223845247697483
324.613	0.15534070016318766	0.45241703386411203	1.1568533435059125	0.560351225137067	1.2382439400926208
324.658	0.16377188633665765	0.4732241222649281	1.206565872226073	0.5618602734581615	1.245179282103288
324.658	0.1711287498720233	0.4944240863900907	1.256230357755426	0.5476926289982101	1.160218726995614
324.705	0.1759034857167186	0.513661041340051	1.2880192953085923	0.44808725088336465	0.526038423423336
324.736	0.17822345795309216	0.5294376283045222	1.3061004897433413	0.3416215916986182	0.40652038856115347
324.778	0.17850542128532382	0.5411370666179665	1.3214346089928342	0.22900429071872758	0.36048724877164057
324.826	0.17682588852537456	0.5487283081747114	1.3348679949149214	0.12411768854028027	0.3076056765514317
324.87	0.1734675764659926	0.5529242177968486	1.3473034653789366	0.051225701635399204	0.32004131102242767
324.918	0.1689860267810362	0.5552316617382766	1.36087962156484	0.01740800664759918	0.3544326031852161
324.966	0.1636450175733486	0.5566344820776288	1.375866549354767	0.0004650433469839156	0.3891167300207613
325.014	0.15755264675660124	0.5576163782777295	1.3923640682849185	-0.007639616902256417	0.43030562593042604
325.062	0.15073888400260974	0.5584073601081951	1.4104696612911878	-0.010206126145582799	0.46960810404628556
325.062	0.14616979384724993	0.5605468205032172	1.4184414329577755	0.15608492175323774	-0.5122679952230657
325.106	0.14723065598853768	0.5668881458855813	1.3973797579491651	0.15562954382627123	-0.5467997896423092
325.136	0.1483426823640011	0.5728212159034116	1.3747477347944452	0.14607910915731676	-0.5863051172590928
325.177	0.1495335982437762	0.5783335658783119	1.3504582352001153	0.13606777778224252	-0.6276306087119915
325.221	0.15079636502839625	0.5834145392485401	1.324480428032592	0.12588124447908208	-0.669793659167847
325.265	0.15212670344649354	0.5880535098935138	1.296889409092919	0.11646466285000105	-0.6704133244158094
325.313	0.15391735000845258	0.5933645310671424	1.2744228184798878	0.15278015379166537	-0.4832456307857837
325.357	0.15604469325078518	0.5986249467912902	1.259089162162543	0.10945901914542402	-0.20380468037920654
325.401	0.15882299171053654	0.6024689087726536	1.2505628924759093	0.13456269797910841	-0.263141473630587
325.445	0.1617155550012313	0.6093231409838656	1.2387727247501301	0.215558788062467	-0.26711494623744014
325.489	0.16477871273264189	0.6177125724651343	1.2296281065946035	0.22577126598090705	-0.20199329368840513
325.533	0.16791671881883619	0.625765419149543	1.2215862480626716	0.1888588282551206	-0.14155957593739563
325.577	0.17007157784305485	0.6307851647477255	1.2171963834586659	0.11668398736667178	-0.18256988438751093
325.577	0.1732672642416206	0.6364478003867059	1.2050094072495037	0.20238940791779017	-0.31623368062993673
325.621	0.17638844418739827	0.6442096736967257	1.1926166673889989	0.2129563638505999	-0.2861842808042972
325.656	0.17983588953268972	0.6523112965151694	1.1825764594570625	0.2239475417226786	-0.22135488581274063
325.697	0.18336296704159666	0.66011007727213	1.1737851113615119	0.18690445383767096	-0.16564124201996097
325.741	0.18685751017184482	0.6662196594152707	1.164967728872598	0.17897960358800774	-0.29314448804444593
325.785	0.1904285728761917	0.6731255020916747	1.1533749954404129	0.21099627315609634	-0.2778662233413108
325.829	0.19408985944745616	0.680971191082368	1.141918238822453	0.21626304538489755	-0.2814007635526243
325.873	0.19795129296199931	0.6888489821177898	1.1313829600967158	0.22044555099334923	-0.24316576759909808
325.917	0.201896843571046	0.6963842070418356	1.1217691216537695	0.1968409377459141	-0.21823591485394025
325.961	0.2059071503843799	0.7030027529069469	1.1117243807918247	0.19359923272895907	-0.2827527838347236
326.009	0.2099052227587537	0.7099041150100224	1.1005204095198846	0.20442965292480803	-0.27344230667379066
326.053	0.2160919579431488	0.7226774491703282	1.1106257445024665	0.5212995004050494	0.8341345718522525
326.097	0.22529976611511326	0.7415011265161133	1.1447905215662642	0.5206624639772183	0.8640304788036349
326.097	0.23367411025523457	0.7604809068261916	1.1797486890969784	0.5162123806744527	0.8831038053379742
326.14	0.24128541484640176	0.779566284799717	1.2155029361039171	0.5110680446136029	0.9038065922206658
326.176	0.24811421243375203	0.7987157781059329	1.2521251634435617	0.505417545980118	0.9266134449278817
326.22	0.25413914638318985	0.8178845952620478	1.289703121043471	0.4992214467251669	0.9517663699211482
326.264	0.25934000596048123	0.837023883916683	1.3283351347922094	0.4924360205528552	0.979479892605597
326.309	0.2636983636410295	0.856080843152861	1.3681285565109111	0.4850256851687264	1.009932708542154
326.353	0.267198240254975	0.8749989314767171	1.4091982123919173	0.47696467947476984	1.0432627972065087
326.397	0.2698268334017731	0.8937181643399561	1.4516646607767814	0.46823806527655015	1.0795623259914386
326.44	0.2715752996110572	0.9121755279772065	1.495652201665279	0.45884298633215137	1.1188714628331429
326.484	0.2723741067139391	0.9301848173056105	1.5405688493070866	0.4314352706216539	1.0883515714982892
326.528	0.272319898753088	0.9449261536977774	1.574201338313115	0.3151558581031589	0.5773558143646147
326.572	0.27151983749250447	0.95538705741837	1.5864492440668032	0.20992657395775266	0.13645455095883954
326.617	0.27065193447973507	0.9614787725926522	1.5905931846438812	0.10271477375695831	0.08115214968721679
326.617	0.2693882452315837	0.9674913110921894	1.6036929868266083	0.2886454639250861	0.8335623950789643
326.66	0.26777418921197327	0.9834550995315605	1.6494457498177189	0.44473477041945647	1.1372126429362057
326.695	0.26562126116269136	1.002101182998626	1.6902022704551403	0.4946730034576731	0.8998405361833425
326.74	0.2625431343591922	1.0220097244412254	1.7208923352033252	0.475712434530416	0.6405367924353456
326.784	0.25903763011049585	1.0387944786581307	1.7453302250008933	0.43040029508268574	0.713419458584743
326.832	0.25478202770667757	1.0582638585255786	1.7787578634512844	0.5213639667675413	0.867807225258705
326.876	0.2500685420509476	1.0783976838960085	1.8140508922384107	0.5145970171885533	0.8912505744890176
326.92	0.24467420538256715	1.0981926795196686	1.8509361861374198	0.5077643792049121	0.9772617214642368
326.964	0.2385929756605205	1.1176748540511823	1.8904126718167908	0.5123669440461455	0.9959656750894008
327.008	0.23170753972475117	1.1370651291399119	1.9306198783543982	0.5162732252984866	1.014496190585121
327.052	0.22400713717481197	1.1563269502285929	1.9715939671279452	0.5206774110284342	1.0337674588120191
327.096	0.21547304424761077	1.1754242066251523	2.013374735953635	0.5250846109074857	1.054783447982134
327.096	0.2060846388813453	1.1943191952120347	2.0560033233573836	0.5297723869040161	1.076514263162216
327.14	0.1958249167960966	1.2129722786139523	2.099516921370671	0.5345450796359587	1.0983227192116822
327.176	0.1846717618159093	1.2313379397818915	2.143959507534789	0.5396438381590529	1.1225240118579771
327.216	0.17344617526886844	1.248135558450084	2.1855192755894826	0.48700718261280884	0.9971469094710718
327.26	0.1620110093386024	1.2638210217135915	2.225805641722361	0.4828431448368655	1.0166628544886624
327.303	0.15004324157958893	1.2788496360039945	2.266909383355675	0.47766533587732596	1.038158787115679
327.347	0.13758631925020492	1.2931846733450578	2.3089231010037246	0.471874493415836	1.0623123122131641
327.391	0.12467894005684159	1.3067805272353072	2.3519577958661237	0.4654760741423781	1.0892056188885184
327.439	0.11122409144335259	1.3194843332170085	2.393932030465525	0.4598520927478143	0.9090914454127281
327.483	0.0985494632340235	1.329703983065176	2.4210184188002613	0.3430565025151782	0.5896853832722657
327.527	0.08923464697946966	1.3362514668729073	2.440502963858588	0.22766806752464058	0.3854572341623243
327.571	0.08319936130829514	1.3393995641030887	2.45273126775861	0.11135283125303341	0.2245760493129086
327.615	0.0730418937584722	1.3431448655540241	2.4868476563125705	0.39841710659753476	1.2970356246109447
327.659	0.05965588835717904	1.3527930730210966	2.539100789308059	0.4122279947399943	1.2983606783878776
327.659	0.04550725658279656	1.361742864702735	2.5887485105594243	0.43254779792289	1.174521428509487
327.703	0.029366989277186548	1.3706825068888997	2.629922516813622	0.4865581684593881	0.9171391608302878
327.735	0.012895361155761398	1.3790457259770175	2.6618499345933	0.4383154181920137	0.6742927336172687
327.779	-0.002843326869983953	1.3869342338213635	2.689207068689271	0.44150305260350675	0.6912056333767147
327.823	-0.01888978748718119	1.394466366371931	2.7171540957574223	0.44471643323155546	0.7059459030815817
327.867	-0.03525404468088009	1.4016182572937665	2.7457270064110686	0.4481550541439262	0.7223799488797945
327.911	-0.0524460590928932	1.408504394920096	2.7767967655629175	0.5185555001480024	0.9535676253340963
327.955	-0.07147930218680132	1.4154884692676901	2.814069140803222	0.5026251011586336	0.9347632572906753
327.999	-0.09053712620762153	1.421596475591261	2.8518818794798952	0.49791562381250826	0.9548497840527435
328.043	-0.10963231660788766	1.426891064178184	2.890495843800551	0.49288364809383106	0.9755737563692162
328.087	-0.12875424884389877	1.4312673668988827	2.9281788844958343	0.4783551895068627	0.8504195594420622
328.131	-0.14547749114133568	1.4342833635316736	2.9586200225014	0.3666442733020272	0.6573096810630552
328.175	-0.15800357009685786	1.4358120580285272	2.9815806679066044	0.299992431679921	0.5758997604539365
328.223	-0.17221288935698809	1.4379154435178607	3.000931501507667	0.3782273983021993	0.41468730359757744
328.223	-0.18806519436341046	1.4400616218733433	3.021214033026852	0.5007069529089139	0.8860456509335078
328.271	-0.2084798102251258	1.4423090862866363	3.058884811727556	0.5109550659781193	0.9491234353957091
328.295	-0.22881203124735425	1.4436026353221252	3.098986302770359	0.5114295673221166	1.006583382187547
328.343	-0.24891169784229084	1.444086910743297	3.1379398504445364	0.5045965462433212	0.9690986500329931
328.387	-0.2687248189980966	1.4437151135006068	-3.107691401683034	0.4797621624088858	0.9146451304933457
328.431	-0.2881037271023612	1.4425834981033043	-3.0727483541845717	0.4679563102615877	0.79256882138896
328.475	-0.30683800976375875	1.4406895510103612	-3.0390062212767135	0.49275533060706345	0.900530977632102
328.519	-0.32737334802253554	1.4382028064303374	-3.0030504975443013	0.5209587117811059	0.9116769103068053
328.562	-0.34712588107024644	1.4350574021912792	-2.9651872197878317	0.5054959056355521	0.978605631659696
328.607	-0.3666771858791422	1.4311399025697307	-2.9253633266228545	0.5071725384935296	0.9853732432529384
328.655	-0.38628928740405866	1.4264271443702474	-2.8858709582235544	0.5006295609702114	0.9962039286980201
328.699	-0.4056633980704192	1.4209164007437243	-2.8471091834909603	0.504755333833512	0.9639620709271499
328.699	-0.4244579025896633	1.4146529295369707	-2.8087450990910767	0.49614089868243516	0.977919538009018
328.747	-0.44337952441427364	1.4074478182831258	-2.771850574206145	0.5074223160773172	0.9183639397913297
328.776	-0.46202489312004513	1.3995707056821014	-2.734600825503987	0.49338244086795985	0.9090453029931435
328.819	-0.4802842264607685	1.3912114980902999	-2.6959246008854896	0.5105359871885689	1.0002431105870966
328.863	-0.4982793360257036	1.3822492790571097	-2.6570175815907335	0.5015192165222961	0.9707671575412633
328.906	-0.5159128758042351	1.3725365944593935	-2.617815761631646	0.5023924247488123	0.9789424265773882
328.95	-0.5330915157202594	1.3621037218615384	-2.5787642450423185	0.5021543928866022	0.9574395603868187
328.998	-0.5497762548632402	1.3510148076339998	-2.5400677065033204	0.4972307380105738	0.9959581859185722
329.046	-0.5659050285472861	1.339170306557936	-2.5017003073500326	0.5003050261733719	0.9824742156371666
329.09	-0.5815688001215357	1.326787453860509	-2.463210833200813	0.4953639757619255	0.936994269888048
329.138	-0.5969517866158542	1.3138064192699346	-2.423737857500365	0.510257621732845	0.9916379301837672
329.138	-0.6118636153266193	1.3002685396084077	-2.3838993899003027	0.5057491400911138	1.0373116630315868
329.182	-0.6261392030611331	1.2862123475232188	-2.344241993453045	0.5068318154717826	1.0226898949202683
329.216	-0.6398472843783287	1.2716005407294342	-2.303938971452988	0.504184235460594	1.0121056237367034
329.258	-0.6530441107339631	1.256282404887832	-2.264669375585459	0.5060915310375746	0.9665294791942879
329.302	-0.6655451299634371	1.2404347819445432	-2.2258947334115153	0.5054661831612506	0.9727540853188675
329.346	-0.6774510752141928	1.2241053485431854	-2.1867809164424874	0.5043280705280828	0.9735107917126181
329.39	-0.6888895518173096	1.2073377712073703	-2.147292564013974	0.5105918777381241	1.0057386836091646
329.434	-0.6995554258161143	1.190235931614854	-2.1082244849986638	0.5038136603660608	0.9852740414954939
329.478	-0.7094484734534565	1.1728640191841715	-2.068554980549503	0.4988482101464857	0.9888804450594202
329.522	-0.7186858870118902	1.1549774301780085	-2.0296300252464325	0.5055883941525122	0.9726131491755966
329.566	-0.7272959513691069	1.136811636600143	-1.991628660464965	0.5034869010920461	0.9356942684656732
329.614	-0.7350685523227668	1.1185711490694537	-1.954222516080122	0.5014910442619308	0.953945773455332
329.662	-0.742293897413338	1.0997118955809069	-1.9154726445987202	0.5037790881743811	0.9882194278219465
329.662	-0.7487683150497327	1.0807191113893222	-1.8756807422313764	0.5047968423170184	0.9947333058519404
329.71	-0.7544519525348201	1.0612522468888315	-1.8354405473180324	0.5051426744100715	1.009478542140274
329.736	-0.7593232862654741	1.0415913951987883	-1.7957483826308756	0.5067286606936773	0.9794100981078756
329.778	-0.7634491377074157	1.0218907345242343	-1.7572393544820093	0.5001062896842472	0.951764115624729
329.826	-0.7667878053906867	1.0023129508662052	-1.7197701850070328	0.49700786312533685	0.9309000608297031
329.874	-0.7694231347526862	0.982565454570896	-1.6822126259166872	0.5003348783124917	0.9595183623128227
329.922	-0.7712966955050328	0.962620978369177	-1.6439784649921565	0.4984421060987843	0.9696677209554087
329.966	-0.7724204681911809	0.9425718296517632	-1.6054355152459527	0.5065781779360322	0.9754448784538761
330.014	-0.7727235699658739	0.9224043776196579	-1.566633537001581	0.5010100059593331	0.9464950785931061
330.062	-0.7722551177240231	0.9023709006394851	-1.528698498748412	0.5006301755381285	0.945040390102965
330.062	-0.7710124979894273	0.8822946505378634	-1.4904425611364585	0.5023759109780561	0.9598130854600639
330.11	-0.769001298385031	0.8622505858298763	-1.4515617263345737	0.5025869716352412	0.9893384049446109
330.136	-0.7662172394488614	0.8422197475168467	-1.4123557410804355	0.5055496718427565	0.9777663047767996
330.181	-0.7626514034922284	0.8222717406679894	-1.3733836501895744	0.504286092931459	0.975710855759322
330.225	-0.7583198520434324	0.8024929377166014	-1.3344528233635613	0.5053485950575808	0.9765859656184175
330.273	-0.753224654854513	0.7829141055104797	-1.295464860758652	0.5062770516020214	0.9702723842735013
330.321	-0.7473710494825339	0.7635674590336894	-1.256415320178119	0.504583646641722	0.9786541642818284
330.366	-0.7407676756516214	0.7445176291120124	-1.2172348087245963	0.5062955594376249	0.9783451613404439
330.414	-0.7334333475805306	0.7257044404053761	-1.1779850710307187	0.5060348939318605	0.9744784438522273
330.461	-0.725359092965146	0.7071791326493181	-1.1388485563650292	0.50584459772983	0.9714347025454924
330.461	-0.7165597543009489	0.6889939589278509	-1.0998691111299754	0.5046288273715244	0.9768318273232759
330.509	-0.7070455492907173	0.6710937380626811	-1.0608898002078706	0.507927656295483	0.9725724791117953
330.536	-0.6968669787999859	0.6536544949614687	-1.0217523635673498	0.5042462004407025	0.9806518946438274
330.581	-0.685981694645621	0.6365902311899144	-0.9826598215801625	0.5064542431806063	0.9744932841711503
330.625	-0.6744306731578655	0.6199737084706236	-0.9436286673353732	0.5062721932780634	0.979256317663643
330.669	-0.6622249591850196	0.6037987987822789	-0.9046389554547023	0.5070344393107213	0.9704742324473672
330.717	-0.6494008369161401	0.5880952031565412	-0.8657254116585675	0.5068461122179474	0.9802843697906138
330.765	-0.6360320425588946	0.572953486816624	-0.8257094441871657	0.5046177258213456	1.0139674825073788
330.813	-0.6220708403704488	0.558424622654892	-0.7849997222871441	0.50054301290077	1.0130172342469939
330.857	-0.6074817519445723	0.5444525781325282	-0.7454054651749604	0.5058415745161169	0.9754979397793961
330.857	-0.5923414008590888	0.5311131043485734	-0.7066700375678765	0.5049594277880223	0.9682951157115846
330.901	-0.576665362922588	0.5183714387413059	-0.6677238058287541	0.5049246621514428	0.9733703827583773
330.936	-0.5605968387462401	0.5061616302204018	-0.6285588355498245	0.5066250311646904	0.9928932027902527
330.977	-0.5440203445811046	0.49461141606808934	-0.5879339760995884	0.5056679367387105	1.012355928870416
331.021	-0.5270096204152364	0.4837703280434451	-0.5474301668944623	0.5037452793918231	1.00543022182601
331.065	-0.5095130064101114	0.4736181586742586	-0.5081658611940407	0.5040366044646043	0.9646770257105082
331.109	-0.49170575635970587	0.46412061114568715	-0.4697334845187257	0.5049310193220319	0.9556328069341428
331.153	-0.4735903742991525	0.4553385426277259	-0.4316150511409937	0.5022033969596893	0.9502062336590373
331.201	-0.4552537607886884	0.44726322621869874	-0.3930071727328913	0.5016016228398188	0.9924569946155979
331.245	-0.4365357993659062	0.4398918997988221	-0.3533573953347382	0.503152835914733	0.9977991297384249
331.292	-0.41758072246881184	0.4332766172157525	-0.31365608146792373	0.5040554793909109	0.9853342881526109
331.336	-0.39841593954081267	0.42742841707047935	-0.27462161346767233	0.4933102915238906	0.9651788288090075
331.336	-0.3791016869394804	0.42235529689179796	-0.23652701242931215	0.5001928535288793	0.957250569831318
331.38	-0.3596324800491824	0.4180263166070631	-0.19914228450728108	0.4971073209040606	0.925161552639614
331.416	-0.3400290839646374	0.41443231529102126	-0.16175164800368386	0.5006599665073511	0.9679545993873583
331.457	-0.32019995153837866	0.41152883563762405	-0.12379308019031036	0.5007822774481976	0.9524124424019752
331.5	-0.300216098227651	0.4093817752959796	-0.0852512525312759	0.5044437423868289	0.9677409347704121
331.544	-0.2800696652807539	0.40803635767034496	-0.04647916757080143	0.5048298455947388	0.9670733403955099
331.592	-0.2600425032354674	0.4074639553504932	-0.00850432766963785	0.501687456695898	0.9521722962149686
331.636	-0.2400538021335353	0.40767038837882696	0.02924791574589036	0.5015784557507582	0.9553729229472288
331.684	-0.21995308342819225	0.4086555778490685	0.067447179484967	0.5030995410141657	0.9567922078969648
331.732	-0.19986292079520684	0.4104076335862894	0.1060302490367624	0.505280400692868	0.9817076184813827
331.78	-0.17978650890376227	0.4129232230746484	0.14498545212333153	0.505904352925392	0.9759311023373075
331.78	-0.15978765443789844	0.41620879427051144	0.18397211877196853	0.505575907588198	0.9795371584703441
331.828	-0.13993485470965206	0.4202743898181048	0.22295169698264056	0.5053290636976877	0.9728424469498026
331.856	-0.12031405597847888	0.42510601914502383	0.26196744489506213	0.5020507579793572	0.9852058616284456
331.896	-0.10094502008756845	0.4306963378130316	0.30116378182219855	0.5055781820400651	0.9817752122989415
331.94	-0.08174674898123493	0.43703438467974964	0.3403504769580134	0.5069394490191473	0.9737758697427621
331.984	-0.06279374545743976	0.44412688171205317	0.37939308058710586	0.5057332313751948	0.9755894079328631
332.032	-0.044144653375313356	0.4519566380678484	0.4182865833580279	0.5061662343382606	0.9721384812966601
332.08	-0.025779188267559705	0.4605124746002345	0.45713683209030104	0.5059181569346433	0.9745807693391559
332.128	-0.007799476776545772	0.469758078530142	0.4961589303713066	0.5029699933999062	0.9829317959682898
332.176	0.009799604490301789	0.47972302499306146	0.5354430962125236	0.5065922929919072	0.9736941626567885
332.176	0.027003413449109892	0.49037652573062995	0.5744170361183325	0.5055406545586993	0.9769653489979989
332.224	0.0437885471787993	0.5016957023072436	0.6134547079643892	0.5058253616011643	0.9783566959412187
332.256	0.06015532358521687	0.5136854162417612	0.6522457395070546	0.5099428385356848	0.9742515861755908
332.296	0.07612680233587622	0.526331573152811	0.6915258734436861	0.5111820207667348	0.9853405031140128
332.34	0.09150681550181229	0.5395877575783874	0.7307079023450098	0.5063461651875256	0.9818934514076653
332.384	0.10629344196229795	0.5533575722678834	0.7700745155874307	0.5042432628192791	0.99356529982369
332.428	0.12052305402051149	0.5677419170355801	0.8092615092793553	0.5041704565846894	0.9781734095615232
332.476	0.13412292971176057	0.58267235664149	0.8482469441374161	0.505590662592392	0.969840528232594
332.524	0.14722739384906022	0.59809862460998	0.8871280974383134	0.5059687783939344	0.9781228416774012
332.572	0.15966845088176695	0.6139669604306599	0.9274564870303355	0.5038764422937502	1.0251896561498812
332.62	0.1714346958662461	0.6303459288345781	0.968247793096385	0.5030647921529221	1.0202422030797063
332.62	0.18250880987075405	0.6472012648648356	1.0082126192773966	0.5068404994924913	0.9763860622216024
332.667	0.1929304178278088	0.6645251570765365	1.0472702111115726	0.5047567213602648	0.9639490087518578
332.696	0.20268423984962494	0.6821726328233626	1.085783846452036	0.5029996876612712	0.9546326795285018
332.739	0.2117664720369972	0.700184516259337	1.1243871110867967	0.50076457430732	0.9836980582693865
332.783	0.22009704819554424	0.7184701085926948	1.1640733355169028	0.5009106874236928	0.9989828908099335
332.827	0.22772622496425282	0.7370900423051485	1.203920810442659	0.5063162524145385	0.994124667457945
332.871	0.23455823198345427	0.7561071083796019	1.2436646093130297	0.5071117498746164	0.9765537377407589
332.919	0.24066053425092704	0.775432658121317	1.282871985184496	0.5062266710636081	0.9734893813221472
332.963	0.24604108074180656	0.7948614626039592	1.3212600492659405	0.501376874196856	0.9478019528760963
333.007	0.2506281111215153	0.8142148124987719	1.35918767568215	0.4968266191030824	0.9324684532107628
333.055	0.25447420624302486	0.8338381254940893	1.397302985363557	0.5038257960820328	0.9586561969232253
333.103	0.25762738902332394	0.8536963218315318	1.4361412386626176	0.5027478775652967	0.9891834676094599
333.103	0.2599639533856627	0.8737277822031897	1.475385222505591	0.5045420709544882	0.9661329597137033
333.151	0.26152220341883	0.8936877468778233	1.5136095656854378	0.4982559989213524	0.9308834093785296
333.176	0.26232867727561465	0.913631358947529	1.5513039410871703	0.4987147284033181	0.9348948861186394
333.219	0.2623421854873151	0.9336095110515222	1.5891097340129732	0.4992237471936704	0.9423562621583859
333.263	0.26157733606470013	0.9537408324594672	1.6273909296646134	0.5059127213509881	0.9656969469075067
333.307	0.26003789951645395	0.9738659253498732	1.6658791331092346	0.5069283324511474	0.9652282213827301
333.355	0.25774321415174395	0.9939849510332159	1.7048224029779155	0.5063778304288362	0.9747328175671934
333.399	0.2546725341555036	1.0140424812990652	1.7438515412752222	0.5074577762665871	0.9775557675044558
333.443	0.2508234637016218	1.0339241584871788	1.7828238363250881	0.5050823765596064	0.9793275170119723
333.486	0.2462149598152337	1.053585699147397	1.8220418109405392	0.5056907292219743	0.9771604042637313
333.53	0.24083306315703285	1.0730580488258246	1.8614042420075976	0.5067869270767706	0.9795757663238833
333.575	0.23468764126463693	1.0923523113784759	1.900551713980108	0.507312420947532	0.9739526022853325
333.623	0.22778214932256913	1.1113788154618098	1.939535088143482	0.5054682647187714	0.976866186114067
333.623	0.22014216666598302	1.1301078485138127	1.9783944063693326	0.5061085608925575	0.9780754983375268
333.671	0.2117954531078708	1.1485944635344625	2.0173814249946713	0.5063657878478843	0.9761176612044621
333.696	0.20275185483557462	1.1666130338530982	2.05666146415033	0.5004507747250992	0.9946336264243225
333.743	0.19296926810889584	1.1843101216044114	2.095905118461243	0.5054053940607632	0.976536541625492
333.787	0.18248040252355457	1.2016273712420404	2.1349916800706725	0.50697577324337	0.9776861842719067
333.831	0.17130687533628944	1.218562205025173	2.173825765665043	0.5099780632477466	0.9642475375875035
333.875	0.15946494657094465	1.2351386611844293	2.2129845628350817	0.5091640218128101	0.9823526630676876
333.919	0.14692983218148745	1.2512230844215415	2.2520945153545244	0.5066388929836606	0.9725216163900919
333.963	0.13390147691559923	1.2666795385119327	2.2910797053206076	0.5055448218191758	0.977697172247367
334.007	0.1202687792259791	1.2816321119541227	2.3301940986255865	0.5060336177346374	0.9776782279157157
334.051	0.10603121674822504	1.2960146453405204	2.3695316605475596	0.5040080517214881	0.9911950197051802
334.095	0.09130193144802881	1.3098218851439667	2.4090166489862987	0.4940115510349362	0.9697144396230756
334.139	0.07617658177652072	1.3228978470974369	2.448162182625028	0.4956870785172494	1.006241242725803
334.139	0.06065913706979563	1.3352820389436988	2.4870666891035187	0.500110842648525	0.9606917780973583
334.183	0.04436345565112637	1.3472067609991365	2.5262174681577343	0.5047697360071567	0.9737262403997885
334.216	0.027605027266929594	1.3584771008879875	2.564745456288293	0.5051567064625733	0.9587007169564755
334.258	0.01047289948499204	1.3691014314929486	2.6032872327067076	0.5045592929298292	0.9755172448422297
334.306	-0.007122453377558763	1.3791666973364543	2.642743492368216	0.5093793091466877	0.9940992115269112
334.35	-0.025090056400774913	1.3884960622295583	2.6833560987430585	0.5042679945270164	1.0242539929799956
334.394	-0.0432835203226322	1.3970054698097796	2.722585717126098	0.5063419030225542	0.9885654445011743
334.442	-0.06196137438693782	1.404831162246593	2.7619306779372574	0.5071143712872224	0.978009851709286
334.487	-0.08068955965246732	1.4118784718474457	2.800034590838083	0.4957119287488574	0.9372654459982797
334.53	-0.09957030910441439	1.4182219132874074	2.8374628814227174	0.5025682799321436	0.9514800521048299
334.578	-0.11880591180852412	1.4238817445405738	2.8757787748362724	0.5054353892420199	0.9695333577592066
334.578	-0.1383988002065856	1.428829295875589	2.9152315858882725	0.5037397668689929	1.0009144451172527
334.626	-0.15814894726140913	1.4329932945673243	2.9549319440054433	0.5073757099315875	0.990975205295961
334.656	-0.17797469270786093	1.436353230593286	2.993630210173461	0.5030355110505391	0.9514312455105651
334.698	-0.1977613993469022	1.4389446133161008	3.0312272222596186	0.4953503029962877	0.9418050500611209
334.742	-0.21755149484439534	1.4408011619971606	3.0683734313748547	0.4953220897492129	0.9277791520319773
334.786	-0.2374873928595027	1.441907554526587	3.105892910134588	0.499030963825967	0.934410899050508
334.83	-0.25757618800114895	1.4422518101395385	-3.139402108641326	0.5032353860398883	0.9516939613483589
334.874	-0.27771725256617563	1.4418221466905303	-3.1010089570988812	0.506212273235844	0.9684562037620814
334.918	-0.29793040934388487	1.4406029177776516	-3.0624822263206513	0.506634190488027	0.9637106002962668
334.966	-0.3180230571203138	1.4386180735422658	-3.0240291505610384	0.5046674459730954	0.9629189770017144
335.01	-0.33796467499582244	1.4358636991127944	-2.9850354146473497	0.5044630911259376	0.9821181101878997
335.054	-0.3578744131044654	1.4323445324855533	-2.9458915141084785	0.5059785934812498	0.978515479511071
335.098	-0.3776535895674551	1.428048863484799	-2.9069027598606865	0.5048352420777042	0.9745906126034808
335.098	-0.3972399120439173	1.422986257612945	-2.867864999147772	0.507317085951349	0.9721891958824035
335.142	-0.41663740181375114	1.4171674300982804	-2.8289204378938186	0.5067089205233481	0.9800627827349699
335.176	-0.43580048768194735	1.4105963898401828	-2.7900102231695945	0.5056952915650655	0.9723063408819342
335.222	-0.45459395230132665	1.4033032604414186	-2.7507532692483316	0.5057501299769954	0.9774943389801993
335.266	-0.4731228984266212	1.3952774227469302	-2.7115185668802972	0.5061914819136262	0.9762688975069601
335.314	-0.491392374340034	1.3864772873817246	-2.6725612456001415	0.5078274705231562	0.9717203889496485
335.358	-0.5093080843891357	1.3769460304349113	-2.6339697688271224	0.5072392241019423	0.9642753772065007
335.401	-0.5269035414544502	1.3667081956537883	-2.595478135256923	0.5098379429296442	0.9635469688512609
335.445	-0.5440833580635746	1.355797196364688	-2.5571215348097667	0.5063566923923466	0.9535107875274625
335.489	-0.5607314075162524	1.3443184105113468	-2.5182209414500476	0.5060186851834685	0.9743978207607505
335.533	-0.5769468414692125	1.3321903287356556	-2.47925536653442	0.5057762914802016	0.9732506539486812
335.577	-0.5926702813439652	1.3194534872217327	-2.440230016967894	0.5058734216773493	0.9728036709210474
335.577	-0.6079035563912873	1.3061090482347095	-2.401226526084058	0.5038564505889588	0.9986644868695047
335.625	-0.6224693734683467	1.2922823119625537	-2.3614939010106	0.5052466503462933	1.0116266010550374
335.656	-0.6364233282150489	1.2779173574660143	-2.3216007215560373	0.5037991784473157	1.003276878059531
335.697	-0.6499000426577488	1.2628469974077938	-2.282277613796303	0.5053978202550538	0.9679026705199733
335.741	-0.6628007900570989	1.2472937752430424	-2.2434491451836216	0.5056345074707526	0.9695322067686581
335.785	-0.6750985425061499	1.2312345069309043	-2.204691121156748	0.5062662699858484	0.9717118666001703
335.833	-0.6867907138176989	1.2146942642981577	-2.165884309163066	0.5063196033613736	0.9769845415271653
335.881	-0.6977567278328546	1.1978242201761826	-2.1257564451118447	0.5055830162477825	1.013479292659237
335.929	-0.7080377414684215	1.1804655478236972	-2.0851823760723467	0.5052866093652422	1.0042901340236445
335.977	-0.7176027294850729	1.1626752881785347	-2.045299413888239	0.5069456850565367	0.9841054235089604
335.977	-0.7264465498969805	1.144468477746556	-2.006079981881766	0.5058835472942375	0.972809790110982
336.025	-0.7346087568269225	1.1261104136748679	-1.9679437787815666	0.5036907384768674	0.9575496801394975
336.056	-0.7420325490379119	1.1075319473867575	-1.9298246219443729	0.5008752229052562	0.9584511824927274
336.097	-0.7487718014746299	1.0885740041947445	-1.8906240101374583	0.5014663182798339	0.9935334272849452
336.145	-0.754762411082867	1.0693329152651347	-1.8507986344630327	0.5042413123995763	0.9929808368454558
336.193	-0.7599486841737613	1.0498812532811597	-1.8110966976886962	0.5057955078131944	0.967998118660096
336.241	-0.7643866732947135	1.0303803771573317	-1.772639909543497	0.5017657686563839	0.9477267637293217
336.289	-0.7680078049258955	1.0108151959211982	-1.7349715995197428	0.49788629574678134	0.9375152651195824
336.337	-0.7709307032550168	0.9911194505356776	-1.6975556594896846	0.49726571143923826	0.9375651385798027
336.337	-0.7731506066529991	0.9713125297699198	-1.6598844360446645	0.4989949323864496	0.9330862546036294
336.381	-0.7745966819616401	0.9513165539520837	-1.6219082068618491	0.5006100917674214	0.96118783031768
336.416	-0.7752553918993501	0.9311460305453704	-1.583203884789131	0.5021119854986134	0.9595497280616735
336.457	-0.7751135733516019	0.911077109450556	-1.5450844780377524	0.5029681392163757	0.9447304304761135
336.501	-0.7742055357819934	0.890989582465574	-1.507075067408239	0.5033501040930874	0.9608756187077764
336.549	-0.7725268754520617	0.8709327905751795	-1.4686238616375877	0.5046268293178416	0.9742635801045687
336.592	-0.7700823488831725	0.8508634166716054	-1.4294233807223875	0.506528529231409	0.9761896731584044
336.64	-0.7668598080971846	0.8308895870977417	-1.3903588971725334	0.505493408935516	0.9758433070796662
336.684	-0.7628590311403747	0.8110358530633797	-1.351340588661884	0.505741672224243	0.9802215751065978
336.728	-0.7581024027776436	0.7913340837760584	-1.312335128716664	0.5079645555333441	0.9732790818126413
336.773	-0.7525774912305225	0.7718953069304489	-1.2732462033720278	0.5062065378987803	0.9738048532504603
336.816	-0.7463068152197799	0.7526855009319103	-1.2339975360365598	0.5032439662765933	0.9896640545670435
336.816	-0.7392917153750725	0.7337360158282389	-1.194686365716794	0.5055175551413578	0.9827842298397254
336.864	-0.7315326233104041	0.7150646372156834	-1.1554446794201614	0.5064863219956857	0.9726570347558289
336.896	-0.7230387790192161	0.6967297425869444	-1.1163825341804765	0.5066023844278188	0.969490140324141
336.936	-0.7138163725843802	0.678689101460602	-1.0774724979665313	0.5064428598673397	0.980460687956269
336.98	-0.703905627391955	0.6610169629984288	-1.0385792316931959	0.5038212440431965	0.9718983734060331
337.024	-0.6933419649321486	0.6438232582317706	-0.9992964358148605	0.5066193485736428	0.9738645338689718
337.068	-0.6820607335062314	0.6270059737806902	-0.9603293993070997	0.5059806794063442	0.9741148597590853
337.112	-0.6701537959916699	0.6106519460964709	-0.9212110331162614	0.5057522648577644	0.9792467577600679
337.156	-0.6575998929670378	0.5947740210359549	-0.8821641722875582	0.5036954167747447	0.9792378114351014
337.2	-0.6444494246852162	0.5793585314999447	-0.8430712739550656	0.5075963806784419	0.9930592724585013
337.244	-0.6307885957319848	0.5646112065738986	-0.8032521865301875	0.5074975762810059	0.9894654049880526
337.288	-0.6165067093811427	0.5503898379091732	-0.7628460972743977	0.5065426407059267	0.9982712610159991
337.331	-0.6015841330476634	0.5367410630060001	-0.7237692155317396	0.5028837044127323	0.9632117701431562
337.375	-0.5861686139997444	0.5237270161416856	-0.6851010715514777	0.5047970716253929	0.9681367973790767
337.419	-0.5702658689670332	0.5112514823309747	-0.6462601024312871	0.5057741244459961	0.9763794288695506
337.419	-0.5539499935503137	0.49941025374923387	-0.6066110429923395	0.5025686738145416	1.0212282645542532
337.464	-0.5371521700284381	0.4882539223813302	-0.5659012950751198	0.5031815204617178	1.0196463063697423
337.496	-0.519909371084841	0.4777975352974714	-0.5256308854302835	0.5055674246210453	0.9879621426306269
337.536	-0.5022044688815293	0.4680064268666816	-0.48660995686273484	0.5054780575766217	0.9655160895934456
337.58	-0.4841814770502065	0.45885924619805446	-0.44835476653386436	0.5025439350073422	0.9447958059087965
337.623	-0.465932140767335	0.4504915441275804	-0.4104565137239901	0.5029798650319874	0.9576231353514496
337.667	-0.44735867818484915	0.44279029268321807	-0.37167599144964164	0.5048184198105559	0.9777407106597136
337.711	-0.42843501756145935	0.43582310917965217	-0.33193038682101944	0.5023396096602405	1.0022964032358654
337.755	-0.40929300024750825	0.42963962521201793	-0.29196278471479126	0.5020446453495935	0.9942605020205308
337.799	-0.3899369452795497	0.4242076154618922	-0.25301154850524193	0.49915677387865826	0.953549508017423
337.847	-0.3705289707659713	0.4195639921175831	-0.21496939456953343	0.4966318785786957	0.9389204668629252
337.891	-0.3509972792062225	0.41566842896275286	-0.1777524278292318	0.49662337155103786	0.9239011445438994
337.935	-0.3313172888434776	0.41247873326862367	-0.14038224438213842	0.5007476721543936	0.962200221332879
337.979	-0.3114489779967212	0.41001548318542075	-0.10224557311638044	0.5015653690288032	0.9614025828636865
337.979	-0.291380247109057	0.4083117873304062	-0.06317109538407782	0.5042097535193869	0.9880729066824727
338.023	-0.27122450797909203	0.40741705589783783	-0.024334035361891337	0.5035473175093209	0.9602194246981196
338.056	-0.2511975299555794	0.4073036600313129	0.01339362696926914	0.49895128994339133	0.9293748975986639
338.099	-0.23123947511652848	0.4079549825068715	0.050775293953842844	0.49950221653782423	0.9446691382072954
338.147	-0.2112126825082442	0.40937175315642105	0.08906272670447385	0.5024802164135902	0.9755138446040538
338.195	-0.19111186820667708	0.41154944643357333	0.1280705032379929	0.5044275317665794	0.9763902430638063
338.239	-0.17108596674079857	0.4145035007515254	0.16702965362694774	0.5055939936933268	0.9780584266092681
338.283	-0.15118551803520439	0.41823173386114076	0.20600546190533714	0.5066832371771506	0.9695319294758862
338.331	-0.13144928442737316	0.42273003016013394	0.24497128511394392	0.5054662991878318	0.9752327180780669
338.375	-0.11196389352756922	0.4279932212434898	0.28402863815839785	0.5033306785474925	0.9800517061229792
338.419	-0.0926844662401396	0.43400334726399525	0.323203200532857	0.5031305008268401	0.9832270888696036
338.419	-0.07362723884718672	0.4407671188996331	0.3623115390938709	0.5050536750473061	0.9785132031410001
338.463	-0.054872858383896286	0.4482777770733229	0.4013400214300048	0.5062689914276887	0.9706930101633396
338.496	-0.036394369892990636	0.45650859719899173	0.4403253059302939	0.5085112847817178	0.9765613597111895
338.543	-0.018172480390552206	0.4654496724743682	0.4794594130789255	0.5067798422903087	0.9742551006178997
338.587	-0.00044955725614204134	0.47507883772066556	0.5186530922808139	0.5046046696207848	0.9791085806411978
338.631	0.016934404418930654	0.48543726732928966	0.5577590679551994	0.5062283030380439	0.9769305614271417
338.675	0.03390844988630516	0.49648969884242455	0.5967052145646113	0.5068700608418791	0.970050751560793
338.718	0.050525111144585196	0.5082114197134383	0.6356190261750451	0.5091982758596285	0.9779189063935219
338.762	0.06671310133476982	0.5205783969518716	0.6749144642848051	0.5103977358500995	0.9810503489027431
338.806	0.0823240440887938	0.5335886645584597	0.7139131809756601	0.5058170657313515	0.971522263769871
338.85	0.09736155385580024	0.5471085963468307	0.7529473232115057	0.5054645961289264	0.9775213373159773
338.894	0.11185492884938047	0.5612108293278031	0.7920966412258232	0.5036573639251039	0.9838309133308624
338.937	0.12579227552090527	0.5758596751046308	0.8312789881799749	0.503208482734862	0.9893654364448934
338.937	0.1390692739216869	0.5909660518040734	0.8706211654725774	0.5075769362418507	0.9946102886422196
338.976	0.15163275525360903	0.6064836407041857	0.9101181746443016	0.507074274613764	0.993827032830582
339.015	0.163629054662597	0.6226007265469546	0.9492680436537189	0.5052075359955664	0.9756982980771591
339.057	0.1750097186187914	0.6392579028896804	0.9879226125635809	0.5049002714935233	0.9617877225390151
339.105	0.18581534916527057	0.656324525464274	1.0264104013933106	0.505002266897534	0.9622852896990237
339.149	0.19591805353019554	0.6737162359348768	1.0660598763325575	0.5005258228959266	1.0144866989284147
339.193	0.2053204750051023	0.6915876510825743	1.1065533576389102	0.5061233862155013	1.0054325727685813
339.237	0.21398925266249202	0.709836997854788	1.1466951546110018	0.5059154591865583	0.9841664421924017
339.281	0.22191649282616943	0.7284735004015828	1.18601343343172	0.5064829532090339	0.9784696514055591
339.325	0.229116532302136	0.7472693139348745	1.2243450918207126	0.49919650937200505	0.9369484865108711
339.369	0.23557982289035928	0.7660994390730871	1.2619584199029743	0.4986205201167089	0.9344822613139326
339.413	0.24135373592196482	0.7852746219087253	1.3004521514645062	0.49649633466626414	0.9830842710837929
339.457	0.24639579662745045	0.804744945238143	1.339951174599279	0.5044803733169677	0.9898618874247738
339.457	0.2506274807653736	0.824486573363694	1.3796764253725242	0.5020797965621885	0.9881264983363398
339.502	0.254110956109586	0.8442978612360086	1.418290980517923	0.4996280591308895	0.9399562899226134
339.536	0.2568225577104166	0.8640157171970559	1.455699861959216	0.49756160331068366	0.9323912239770475
339.577	0.2587338173397253	0.8837597476710284	1.4929507464797698	0.4980943516163607	0.9392026302491728
339.621	0.2599304590202934	0.9036652572783208	1.530535482758686	0.4990559725142124	0.9485424243189331
339.665	0.26036930343371795	0.9236913791284601	1.568341496776529	0.5016320104301606	0.9522120451851137
339.709	0.2600330569949528	0.9437874461372571	1.6068742952435728	0.502627267230682	0.9712343909177266
339.753	0.25890570509438743	0.9639885084810137	1.6453321133491294	0.5060785059400905	0.9599336952459184
339.797	0.25701092034637724	0.9840587441585197	1.6836868007753427	0.5040382530158616	0.9659944462949184
339.841	0.2543546570397783	1.0040510367109603	1.7228226271583058	0.5042766317244067	0.9848478074460876
339.885	0.2509217757155419	1.0239849129602414	1.7620381160457275	0.5065931947256387	0.9764843153908142
339.929	0.24670691193885663	1.0437827453404758	1.801059368552713	0.5039103960816083	0.9857076561636358
339.973	0.24172683505174627	1.0633982054329876	1.840083149278715	0.5044909171714173	0.9839456095046157
340.017	0.23598999480511262	1.082822502651625	1.8790843126325982	0.5077325576278804	0.9673770360371446
340.017	0.2295004534920174	1.1019650337793547	1.9180591082504905	0.505546901667114	0.9743151743640038
340.061	0.2222839506610671	1.120821306629654	1.957327731994959	0.505033421975754	0.9806094634156785
340.096	0.21433724147448718	1.1393831809676342	1.9966357745918661	0.5060653836335921	0.9768172061063888
340.137	0.20566542117312603	1.1576111396295903	2.035905247377617	0.5033759102493782	0.9833193406571654
340.181	0.19620016387686878	1.1756189081936999	2.0747275031517516	0.5096156217269221	0.9671792139304761
340.225	0.1860484664941745	1.1932020955868077	2.113317068876512	0.5041584658839913	0.9771030026276815
340.269	0.1752870088757345	1.2103175231275196	2.1524410026918566	0.506276533618874	0.979406864933662
340.317	0.16383707324095986	1.227026970887037	2.191446532529209	0.5059795526582074	0.9699894641812508
340.36	0.15174624057612626	1.2432908174681339	2.2303120979559803	0.5058616984190485	0.9711541418248908
340.405	0.13900458687728817	1.2591190854685967	2.2692238457633813	0.5072673277189279	0.9723565522064058
340.449	0.12571172620696297	1.2743860806354577	2.3084601503209004	0.5082739589139467	0.9952734063296038
340.492	0.11185945040607656	1.2890235425876129	2.3488973260908614	0.5044816204747832	0.9899769829031893
340.536	0.0973493879518131	1.3031151975694757	2.3880031821554755	0.5047169360567344	0.9653680363282909
340.536	0.0823030975391928	1.3165876026071823	2.4269275642140036	0.5057181678559759	0.9688748054017792
340.584	0.06679101469956283	1.3295446727044158	2.4659435503566876	0.5059248941215435	0.974395973640003
340.616	0.050760765408477446	1.3418990508708293	2.5050423618656334	0.5056743215250185	0.9794020424516727
340.656	0.03435982242698424	1.353538567296546	2.545088313506944	0.5028364343363056	1.013238852570411
340.7	0.017447538333362225	1.3645153654261295	2.585200610466316	0.5037867647500357	1.0013026462492784
340.744	5.6283128150397266e-05	1.37484416159866	2.6244297954891467	0.50586154112762	0.9756382273931768
340.788	-0.0177243173806855	1.384498426257122	2.6633957243784394	0.5044588402554079	0.9662701882502878
340.836	-0.03578941877675129	1.3934532165880706	2.7016749544746115	0.5046456156390458	0.956412140807514
340.884	-0.05413929034182598	1.4016882655823797	2.740144897867692	0.5025732784346738	0.9810417599728822
340.932	-0.07274360117649092	1.4092243261720385	2.779746535801921	0.5055573677119596	0.9852375753476332
340.975	-0.09166646598353219	1.4159955343093076	2.8196323839558404	0.5024472526215876	0.9862034914494883
341.019	-0.11084078794497014	1.4220120432966479	2.8590647911676874	0.4991519402161102	0.9888598017170199
341.019	-0.13018918086211045	1.427281133957255	2.897468537732202	0.49726633301648004	0.9643385278563503
341.067	-0.14963412874326437	1.431749433410608	2.934945284420422	0.4977044392317334	0.9292827256611741
341.096	-0.16918817599152547	1.4354860347440415	2.97221358717456	0.49860965460983525	0.9303990783444382
341.139	-0.1889300301723738	1.4385259382992523	3.0098519537520874	0.4989586499382996	0.951944620325004
341.183	-0.2087912965078994	1.4408128964337934	3.0482986967156718	0.5014644572280529	0.9820860863967729
341.231	-0.2288572034520257	1.442330658773768	3.0870094502898633	0.5029789432711963	0.9503878764669318
341.279	-0.24885259869355014	1.443067162839903	3.1247579893131374	0.49774664459115087	0.9351801228991217
341.323	-0.2688145867583874	1.4430400291195087	-3.1210253259083482	0.49926863566754753	0.9368160088168475
341.367	-0.2888915769106168	1.442232173907651	-3.0830450736943114	0.5030797751900911	0.9545652992362014
341.411	-0.3089800985618808	1.4406620263663423	-3.0445264664134735	0.5056523913904768	0.9811642194013493
341.455	-0.32910160113334097	1.4383274363375254	-3.0055892558606434	0.5060181501671478	0.9728593368694426
341.499	-0.3491041914399956	1.435215400866099	-2.966653892761416	0.5060786118255636	0.9721444016407372
341.499	-0.36897066498598663	1.4313303589558004	-2.9276873140279274	0.5043116221160003	0.9752803169098198
341.543	-0.38863573107460014	1.4266707610015503	-2.8886840691446034	0.50342533588886	0.9792199149891567
341.576	-0.4080711241577221	1.4212607307085217	-2.849526011689625	0.5045362036572838	0.9749806531888694
341.619	-0.42733413919780605	1.4150932329687929	-2.8103880086868083	0.5058802605400115	0.9784567879431249
341.663	-0.4463337848963721	1.4081716554730088	-2.7713353391638	0.5068311807807735	0.9718841011999154
341.711	-0.4650392265657768	1.4005121848644007	-2.732393240417909	0.5030134453646166	0.9797928724080904
341.759	-0.48342791359480797	1.3921340654587193	-2.693405194553954	0.5066231156519404	0.9776577477111181
341.807	-0.5015810406107126	1.383051138653748	-2.654224809831575	0.5065665536830843	0.9805981343146312
341.855	-0.5192002714424895	1.3732636985041742	-2.615064414208636	0.5075795175610007	0.9790280661654103
341.899	-0.5365000141227811	1.3627596274398406	-2.576045706735415	0.506574241530386	0.9770526609248286
341.899	-0.5534026000046293	1.3515652865964043	-2.537186991346235	0.5073742891045485	0.9639064426478907
341.947	-0.5699567319089848	1.3397095056573167	-2.4982143875628435	0.5097625118278278	0.9838262119493847
341.976	-0.5860561642130923	1.327160428159264	-2.458825573859695	0.5103088303197617	0.9808753760072461
342.019	-0.6015353939609251	1.314063585709974	-2.4199060085930744	0.5059604450070782	0.9731611988859031
342.067	-0.6164582765287585	1.3004257584338164	-2.380769095075592	0.5068351821274714	0.9767126623863217
342.115	-0.6308379527128253	1.286214438050258	-2.3416438772709167	0.5053629490762522	0.9733746384593842
342.163	-0.6446605317792116	1.2714523902458699	-2.3024385831685543	0.5035548921186539	0.9906012765507974
342.211	-0.6577692151355723	1.256283769848045	-2.262908407502267	0.5043945957659726	1.0197837108614354
342.259	-0.6702520977882335	1.2406051949306143	-2.2228045937382106	0.49816770915483505	0.9929463900445595
342.259	-0.6821526642921045	1.2242922989211875	-2.183429988154191	0.5048357065349245	0.9711935212704825
342.303	-0.6934060788111682	1.2075586735052823	-2.144766121992927	0.5039774326741225	0.9631720570569516
342.336	-0.7040757386823701	1.190384047662634	-2.1061901357140553	0.505391350007169	0.9670572795184792
342.379	-0.7139890368173614	1.1729396133358063	-2.0664044888736908	0.502234163172305	1.0039781309858864
342.427	-0.7232130312959839	1.1550009115779585	-2.0260572694364916	0.5049225787456036	1.007707359899262
342.471	-0.7317225677494252	1.1366585292282179	-1.9861447745956957	0.5074496267860549	0.9825072165313203
342.515	-0.7394866826608355	1.11794777576074	-1.9468611653283519	0.5062973371911856	0.9769938410670337
342.559	-0.7465300305014689	1.0990896732918012	-1.9085701302481903	0.5025655926001656	0.9502041418470378
342.603	-0.7528450364321398	1.080136509313605	-1.8710338421202466	0.49902102688174227	0.9414707539637327
342.646	-0.7584288461233766	1.0609689023030962	-1.8328504596162858	0.49994202305830177	0.9849557861381398
342.69	-0.7633095270318333	1.0415304613937586	-1.7935287946077607	0.503483057370281	0.9869681238738334
342.734	-0.767408990705359	1.021765400999273	-1.7540486381635456	0.5032181154057299	0.9855679775473334
342.778	-0.7707541954334949	1.002029311647583	-1.7156043195956725	0.5003670243110008	0.94093940627552
342.778	-0.7733193599848953	0.9822668962221671	-1.6779476020733464	0.49627604088534893	0.9446103511357379
342.822	-0.7750770542218853	0.9624811055566366	-1.6404202143203022	0.4996380241476594	0.9432052323213036
342.856	-0.7761215304924377	0.9425108365884787	-1.602665131268363	0.5008416047252396	0.9492672668824934
342.898	-0.7763745134285414	0.9223931748662721	-1.5644532082929037	0.5032824853343787	0.9483606659102304
342.946	-0.7758556340816282	0.9022314238203702	-1.5262536980341446	0.5055580478009237	0.9588179237743334
342.99	-0.7745651494093834	0.8820155047772615	-1.487673199755385	0.5063476625570249	0.9641681287660698
343.034	-0.7724961948555574	0.8619110144277142	-1.4491299977219705	0.5050431618473277	0.969871219250233
343.078	-0.7696687557251913	0.8418996218980498	-1.4101512235535463	0.5053626197715437	0.9766611808615672
343.122	-0.7660622188649733	0.8220512399481588	-1.3709211879414027	0.5055768324831322	0.9790866510150263
343.166	-0.7616826932767978	0.8022833790530621	-1.3317706840128072	0.5057322950790964	0.9772995478903908
343.21	-0.7565269910186201	0.7826888582525403	-1.2928109341559677	0.5066631593246724	0.9679854957565596
343.254	-0.7506163075132181	0.7633350295692396	-1.253930905883179	0.5054289516966387	0.9746283240208611
343.298	-0.743964924082551	0.7442417383377081	-1.214972895127313	0.5058292337874583	0.9718264288590318
343.298	-0.7365666408896612	0.725431164372567	-1.1761046046677037	0.5030731306658072	0.983231625837308
343.342	-0.7284725262562365	0.70698879845956	-1.1367207506569441	0.5043919018075869	0.9818148374696632
343.376	-0.7196105903788812	0.6887691776043329	-1.0976175026755715	0.5070272172785376	0.9764001839220193
343.422	-0.7100082146602098	0.6708915050414198	-1.0588222339751365	0.5078646896883209	0.9641875796055678
343.466	-0.6996937663093308	0.6533272823146204	-1.0201810047123139	0.5095584392043463	0.9666347923541746
343.51	-0.6887141924198786	0.636165640030946	-0.9814560237679332	0.5091603818152728	0.9619326022116986
343.554	-0.6771363299421183	0.6195794898357917	-0.9426864882919761	0.5047852685819052	0.9837840712812916
343.598	-0.6649463607818817	0.6034515770844491	-0.903320330043741	0.5059823096541098	0.9836302156845139
343.642	-0.652101697930332	0.5878102868429586	-0.8640420254735739	0.5054416159973267	0.9851912060356915
343.686	-0.6387046585344086	0.5726978583193743	-0.8246662020300658	0.493637508806076	0.9597392826207017
343.73	-0.6248544625199705	0.558287069805778	-0.7860001951953075	0.4961730661243884	0.9741667158637417
343.773	-0.6104659809870613	0.5444368928135708	-0.7471087563990724	0.5005363717074183	0.9661196512771916
343.818	-0.5953413507430164	0.5310401781462859	-0.7080915908356353	0.5044742357076795	0.9683667793609828
343.818	-0.5797244574458555	0.518239271439437	-0.6693481560280655	0.5052667156447704	0.9691352048051207
343.862	-0.5636349464504943	0.5060116101736643	-0.6304344374707317	0.5054811695124993	0.97239363896858
343.896	-0.5470588426992059	0.4943870110191484	-0.5914455754224783	0.5059642568065812	0.9760208152498383
343.941	-0.5301246861824306	0.4834750186995874	-0.5516411402771156	0.5055853190900113	1.0094330730267738
343.985	-0.5127198192380373	0.47325504283029246	-0.5113049242374644	0.5043612903362847	1.007028802915823
344.029	-0.4948546148524602	0.46373225512487937	-0.47184882936841505	0.5058336306530622	0.9743893872905532
344.073	-0.4767353910816486	0.45489530125028027	-0.4329500739300211	0.5058502777215077	0.9656360962092988
344.117	-0.4583498053725862	0.44678616470844634	-0.3949294888519667	0.5041964782172913	0.9678301475236897
344.161	-0.43966083530593425	0.4393869757409039	-0.35661582869394565	0.5051225079950377	0.961637691535897
344.205	-0.42066914369002534	0.432669550034551	-0.31747406775473347	0.5000763342436091	0.9954590843222079
344.249	-0.40154083556992354	0.4267286638775818	-0.27799159633049686	0.5001329727957573	0.9936345237664062
344.293	-0.3821730594076969	0.42155083512763203	-0.23881519497169948	0.4989433410973353	0.9650080149208506
344.337	-0.3627153003303032	0.41716871937707106	-0.20030732113115443	0.4997925815786496	0.9499049431193867
344.337	-0.34307314801694067	0.41352848236192663	-0.16267966021423985	0.4972608800749003	0.9270494244819176
344.381	-0.32337493544071494	0.41065100125788406	-0.12538632567760344	0.4986248116430545	0.9362284539431345
344.416	-0.3035319254072377	0.4084713095158615	-0.08762106175057643	0.5006316149975071	0.9410941002161464
344.461	-0.28361228831187085	0.40705739089409676	-0.049777572792289684	0.4970208233142393	0.951917269127936
344.505	-0.2636350671100948	0.40641779094098973	-0.011723919611228126	0.5019895062765075	0.9643525463809471
344.549	-0.24361043562465948	0.40656777808887873	0.026150957537728385	0.5023291380246576	0.9517251826708716
344.593	-0.22353711265269824	0.4074824934240205	0.06419590552074037	0.5032164086744076	0.9517804573907646
344.637	-0.2034578644296494	0.4091741460949834	0.10263708209807215	0.5041899203921395	0.9698191508734818
344.681	-0.1834246427813498	0.41163814078408256	0.1415901921383194	0.5013193845385158	0.9867665686922079
344.725	-0.1634664696728898	0.41486586107690765	0.18066749998482778	0.50594733331362	0.976902783241915
344.769	-0.1436022597727208	0.41886244343754775	0.2196039296751805	0.5070155011301885	0.9710915603750447
344.813	-0.12391255806989004	0.4236266991011772	0.25856447199887367	0.5051577714864268	0.9807396931907091
344.857	-0.10450067203166338	0.42915204430756415	0.2976110688115978	0.5042668935039502	0.9797916610229493
344.857	-0.0852987787008324	0.43541916083686133	0.3368105187587949	0.5055243739567242	0.9777863653932195
344.901	-0.06633629958763622	0.4424387925525516	0.37600280676291015	0.5053082990549747	0.9756422783901709
344.936	-0.04766117628744644	0.45019912163202686	0.4150313678922382	0.5053669420038278	0.9766054729046393
344.981	-0.029319176249632123	0.45868210177615054	0.45395468232785074	0.5060438021476584	0.9687345973655256
345.025	-0.01125017916946	0.46787028810973674	0.4930453070653621	0.5074450521051614	0.980123804168872
345.069	0.006458127452218743	0.477768176241656	0.5320862988563378	0.5055577518413196	0.9696009840285136
345.113	0.02362248098850299	0.4883201017273195	0.5713695673574432	0.5058883969840847	0.9796325419181955
345.157	0.04044599966391561	0.4995895821912967	0.6104195337916921	0.5058760759907603	0.9730007431429145
345.2	0.056834216661689654	0.5115220100475754	0.6492743880155576	0.5093156854807539	0.9685894839730036
345.244	0.07285496865882048	0.5241284400851258	0.6886278558779972	0.5107570749629895	0.9896799659206696
345.288	0.08830368083005222	0.5373571719304884	0.7279942496542745	0.5076186371131605	0.9838693497812897
345.332	0.1031036904444451	0.5510819791769721	0.7680512422172533	0.5039570408101153	0.9905848672700359
345.376	0.11735893520836096	0.5654366429089122	0.8072918419075452	0.505232047082229	0.9746179922886755
345.376	0.13097475454146906	0.5803493412823623	0.846335067034072	0.5050288063640884	0.9715081971148699
345.42	0.14410285815623897	0.5957484621553907	0.8852271346942457	0.5062266020769597	0.9757135416139634
345.456	0.1496856849223408	0.6019974854937747	0.907740300016899	0.0034120586690591682	0.046425222428662684
345.496	0.1496948201272124	0.6020790228784768	0.9078188139276605	0.0021950810703607717	0.0012243448187511613
345.544	0.14974567407421036	0.6021436599352221	0.9078606217533142	0.0019641882401828766	0.0015506011076481293
345.588	0.14979081768996047	0.602200660826542	0.9079005050379815	0.0016986991088395395	0.0008223067086728607
345.632	0.1498299742490019	0.6022501521335818	0.9079401570207445	0.0014644081598645306	0.0011144824285225475
345.676	0.1498630405835798	0.6022924035699899	0.907978291976036	0.0012301263461379182	0.0012743687492962543
345.72	0.1498906831351876	0.6023270380112872	0.9080153195566387	0.0010010757574470876	0.0012645347772821027
345.764	0.14991264375265645	0.6023543941419782	0.9080509675014296	0.0007668311603119999	0.0006161406062379269
345.808	0.14992870184518825	0.6023747360177111	0.9080861230818084	0.0005365400745490363	0.0005523902102262852
345.852	0.1499391558459311	0.6023878193773892	0.9081204559861176	0.00030931143727841784	0.0005836027799174475
345.896	0.14994417589389228	0.602393671681468	0.9081537796218292	8.533166636793119e-05	0.0005676632291415569
345.896	0.14994359774493562	0.6023923517801182	0.9081861526039827	-0.00015493324535188736	0.0005830944668301382
345.94	0.14993715693611046	0.6023840239311864	0.9082180491890961	-0.00037342603085812015	0.0010086720228732178
345.976	0.14992536341615548	0.6023683986241022	0.9082491404505333	-0.0005858401298660324	0.0010973811133071984
346.02	0.1499078274449976	0.6023456239473304	0.908279388668615	-0.0008167386279652735	0.001064091419233813
346.064	0.149884648470887	0.6023155794185289	0.9083091016246496	-0.0010594517481929363	0.0009660036093890777
346.108	0.14985575979869842	0.6022782104043246	0.9083379697027552	-0.0012961537384926964	0.0009387823718264282
346.152	0.14982119017255202	0.6022333697262131	0.9083663066898671	-0.001531848238105809	0.0009519905882771402
346.196	0.14978061313674834	0.6021811780448787	0.9083941525964478	-0.001768674785653417	0.0009207173898412964
346.24	0.1497279424047609	0.6021214414308912	0.90845635834373	-0.002921305589417067	0.007226523579347291
346.284	0.1494218294607214	0.601857336625272	0.9082650683528518	-0.014451115014768711	-0.008822693571638085
346.331	0.14894495154409815	0.6014354780049407	0.9076396527424178	-0.017376300126606563	-0.008999604750041785
346.375	0.14843105539159873	0.6009848123689934	0.9068704371277027	-0.01744687994649361	-0.011836303069371668
346.419	0.14791740045190016	0.6005343597992716	0.9060957090193421	-0.016899991477494193	-0.01076682185306899
346.419	0.14741803586369623	0.600091614595405	0.9053894434481617	-0.01505806444726088	-0.0334782263489794
346.463	0.1471248207862929	0.5998470939867235	0.9050539661532518	0.0026492643229899904	-0.0002577374490711711
346.496	0.14720154391307658	0.5999405237747445	0.9049637478380705	0.0035397976818629783	-0.006274009918631678
346.539	0.1472765300230368	0.6000510595928779	0.9048241965482121	0.002694391393935663	0.005179461032011145
346.584	0.14736553788746976	0.6001781634486901	0.9052421360936732	0.004939507873854343	0.01565306380340306
346.628	0.14752770167894605	0.6003635159821916	0.9060998868313279	0.007328305198672131	0.027155440611263914
346.676	0.14763405302408972	0.6004699010328363	0.9065541966949197	0.0016905407226901936	-0.004744702187641725
346.719	0.14772416579181155	0.6005736897405408	0.9061199910580101	0.004743098645059317	-0.017155944839720355
346.764	0.14786811504867942	0.6007760793603736	0.9051515659169899	0.00767091703411674	-0.030934519851002658
346.807	0.14790544440547146	0.6008462593056764	0.9052098912203069	0.0026524852077661125	0.011188379958117466
346.855	0.14800815454777783	0.6009718831284951	0.905918096872253	0.005410473843316764	0.0240751192631222
346.899	0.14814346118284893	0.6010802206668249	0.9066882332557764	-0.000612473538953376	0.0011716542253247966
346.899	0.14816104189484142	0.6011226663432314	0.906431219894771	0.0025307931295529464	-0.012404823543862364
