629.776	0.01437292571051578	-0.03761083994607036	-2.3303771357143974	6.103362222187649e-05	0.001968021675173973
629.815	0.014374883011408796	-0.03761004998863506	-2.3303660828520147	1.9563096699727194e-05	-0.0006954156544380938
629.856	0.01437336338061762	-0.03760931978134365	-2.3303349063421703	-1.2388408794087134e-05	0.0010023630834687111
629.896	0.01437470495615073	-0.037608986325740904	-2.3303257401780515	0.0001716217072205552	0.00139982155985112
629.936	0.014373985166143521	-0.037608216876343435	-2.330296830077541	-0.00011782748460443946	-0.00021668671727867155
629.976	0.014374193324428089	-0.03760789323140453	-2.3302801245808134	9.977423981047501e-05	0.0020759195792694816
630.015	0.014375043370429802	-0.03760656823318087	-2.3302621029243458	-0.00017588208672535355	-0.0009385324481222565
630.056	0.014374382506363928	-0.03760630345877496	-2.330233560707344	-5.077459211864662e-05	0.0005513448328119214
630.096	0.014375756581698554	-0.03760538080819601	-2.3302252496583513	0.00017114939579846578	0.0013868649750175223
630.136	0.014375621775114741	-0.03760481293771773	-2.3301962556619342	-0.00010059610330555042	-0.00017184008616518247
630.185	0.014375587607046325	-0.037604037254501003	-2.330182877897461	0.0001230267457061495	0.002239797515431003
630.229	0.014376612168014738	-0.037603521331571584	-2.330162451089024	-0.00022076209021761292	-0.0017064322917648262
630.274	0.014375635045593152	-0.0376029707672259	-2.3301345314346427	-4.2342704372910336e-05	0.0007908876424658809
630.318	0.014376919676608521	-0.03760192067800514	-2.33012613675828	0.00016158347906894462	0.001362756884638143
630.362	0.014377329187643284	-0.03760124280469246	-2.330097487165658	-0.00011719683052261473	-0.00024689188286077256
630.406	0.014377058128451636	-0.037600952530447165	-2.3300734188987113	7.679445159455049e-05	0.0028027256002153057
630.45	0.014378504609326229	-0.0375997785300013	-2.330061656320395	-0.00013678062478081918	-0.000675836009697708
630.498	0.014377580658889375	-0.03759985896901519	-2.3300301917899584	-8.037958293476006e-05	0.00012936644832819532
630.498	0.014377677095541275	-0.03759868138837959	-2.3300179995046286	0.00012842428874951993	0.0020082265929747146
630.542	0.01437859045018286	-0.03759805497384463	-2.3299939441494195	-0.00017242269539782728	-0.0009030017399035741
630.576	0.0143782392103015	-0.037597652997768856	-2.329968580226788	-5.949378215746352e-05	0.0005373891923729229
630.622	0.014380094650631864	-0.03759601251035522	-2.3299618113678795	-0.00017985961254405805	-0.0012310588722008126
630.67	0.014379020447545618	-0.03759598399541684	-2.3299294019608503	-4.062689823285383e-05	0.0006913202040280298
630.718	0.01438060441516563	-0.037594752588764255	-2.329926375698597	0.00011875091668193388	-0.0004990897062187051
630.766	0.014379865749181778	-0.037594601520073836	-2.3298929479321244	-0.00015027326452494993	-0.0007287303571064266
630.813	0.014380074582131405	-0.037593794962417645	-2.3298770841733263	0.00011551404905175568	0.002072791808705156
630.861	0.014381268689027435	-0.03759268204417213	-2.329857329805613	-0.0001750407364941066	-0.0009030077994047327
630.861	0.01438085638947545	-0.037592614234983675	-2.3298272669840507	-3.5179113240147467e-05	0.0010249399486192327
630.909	0.014382323895469298	-0.037591939290046034	-2.3298185881076514	0.0001507266667274023	0.0010591505132170461
630.936	0.014381592865233217	-0.037590980845979886	-2.3297890966699426	-0.00016137926146830834	-0.0008685636664574053
630.977	0.014381561771415807	-0.037590787395524496	-2.329766819501575	8.848277938238499e-05	0.002422586737657138
631.021	0.01438270881806096	-0.03758946755242854	-2.329752385584587	-0.0002188104948474226	-0.0015990537745943063
631.065	0.014381920970730336	-0.037589040154304094	-2.329723483371299	4.885087751413683e-05	0.0018888963299021637
631.109	0.0143837119454793	-0.03758813661798889	-2.3297145675508437	0.0001482219937384035	0.000542951131978954
631.157	0.014383036760526907	-0.03758769975799362	-2.3296827633693993	-0.0001279666927164754	-0.0003920802786266525
631.205	0.014383237046701497	-0.03758721416627288	-2.3296647337315144	0.00010158945069020967	0.002876000795080773
631.253	0.014384437649057627	-0.03758643345689888	-2.329645438725879	-0.00016146459691862762	-0.00043707089240153994
631.301	0.014383270760716937	-0.03758580095702016	-2.3296168418987127	-4.29622533300244e-05	0.0006019424446347684
631.301	0.014384529237420104	-0.03758496457962114	-2.329607429592529	0.00015490636180038147	0.0016799525219502649
631.349	0.014384518915432923	-0.03758418887653558	-2.3295780265556654	-0.0001742225604491238	-0.0008996170036914603
631.375	0.014384872824786052	-0.037583680548192146	-2.329560283425674	0.00010631194372601904	0.0022088052921227035
631.417	0.014385507082167737	-0.037582641760402075	-2.3295391892282495	-0.00016378490129884078	-0.0009115668960457782
631.461	0.01438451858584859	-0.03758212918707955	-2.329513696025031	-5.049658494789878e-05	0.0005303802309075101
631.505	0.014386496844401589	-0.03758147410546583	-2.3295037752965366	0.00014721522330852783	0.0005159392708458806
631.549	0.014385774511901539	-0.03758088062516425	-2.3294709889523917	-8.980209062368558e-05	8.342388332384642e-05
631.593	0.014386577615544127	-0.0375802418994232	-2.3294570352723776	0.00013006653066479436	0.0023880962425473513
631.637	0.014386996496076276	-0.037579298712706585	-2.329432588726064	-0.0001597678671499712	-0.00038573569580615743
631.681	0.014386135441932263	-0.03757880367238735	-2.3294059598637453	6.105456014924669e-05	0.001965945989194153
631.725	0.014387974110549193	-0.03757808839018974	-2.329397915726872	0.00013832419906557907	-0.00017797336160991286
631.768	0.01438731511297868	-0.03757771188973703	-2.3293661139847206	-0.00012866202463810973	-0.0004079730843315499
631.813	0.009869180461620428	-0.04094136716239642	-2.336737436945435	0.20252717770986367	-0.34546738116131
631.861	0.0029559290550179584	-0.044068368533119205	-2.3473266590264004	0.13859657521336163	-0.2934288479881142
631.861	-0.0037447200739934433	-0.04595021719887079	-2.3631106430184303	0.1944914644243479	-0.429312773506578
631.905	-0.010049164795109908	-0.051355107619103446	-2.377507158674056	0.18056246459427894	-0.254075429174496
631.936	-0.015385514847948922	-0.05644336292852174	-2.38719344362205	0.18553681167292063	-0.24315466154747675
631.977	-0.02159483225294448	-0.0622006803193598	-2.400905083257249	0.24422927109959208	-0.4441865879488802
632.021	-0.02863686543747418	-0.06841209754277093	-2.4187642134785046	0.24234703148412137	-0.4058629550171448
632.065	-0.03582019940792435	-0.0744049563964204	-2.431883202263066	0.17686832701566504	-0.19877846557458562
632.109	-0.039740658632386225	-0.07786325488378752	-2.4328185317727935	0.11031193663141248	0.06576483482533368
632.152	-0.045205193859541644	-0.08209813999487511	-2.440605725045414	0.23841483647836692	-0.4508836942375488
632.196	-0.05187498049986028	-0.087645466157454	-2.455989457982189	0.1786304970062673	-0.23263525410641844
632.244	-0.058975379334809584	-0.09304160221369943	-2.4695694460345616	0.24663801343282943	-0.3754224617781253
632.292	-0.06546162115968414	-0.09807930973468718	-2.482724910019319	0.18797550459027929	-0.27156795887944574
632.34	-0.07311812115116495	-0.10349280794059368	-2.498108310425101	0.22474532948000978	-0.4018197095245624
632.34	-0.08008636488899498	-0.10856186356000008	-2.513273300860837	0.22767293860506996	-0.4497111620473272
632.384	-0.08763768513857681	-0.11389039972400111	-2.531686861040389	0.23171395875408937	-0.46052662017421114
632.416	-0.09524935087666592	-0.1191138450096883	-2.5501205873956656	0.23055621539682392	-0.46469945178980054
632.456	-0.10297673282299818	-0.12419397130001013	-2.56866344900462	0.231545541989934	-0.465889126778047
632.5	-0.11077168140194946	-0.12911653845839877	-2.586985241143046	0.229540862026399	-0.4623633336291566
632.544	-0.11866249351632138	-0.133899647982477	-2.605295647202374	0.2288476986265912	-0.4528775496752925
632.588	-0.12662597754680185	-0.1384846786190829	-2.623418154264389	0.2281742551701182	-0.45179685632501027
632.632	-0.13464274039106813	-0.14290340930761108	-2.641313490614662	0.22848131487836915	-0.4438604916971042
632.676	-0.14274977414634962	-0.14720185806213085	-2.6593079799030357	0.2295073136373178	-0.4451769510405847
632.72	-0.15094859544415337	-0.15136928492000729	-2.677485605617415	0.23166889257284343	-0.452282303000784
632.768	-0.1591798273706334	-0.15537212952820406	-2.6954427436974875	0.2323887937954989	-0.45636496753263345
632.816	-0.16752903072089426	-0.15925188063558204	-2.7136266717028454	0.2269249849943706	-0.4527981535665372
632.816	-0.1759234404021192	-0.1629611626403642	-2.731706045648181	0.2285329963973117	-0.44620697663809833
632.863	-0.18438679389537252	-0.16650527690971445	-2.7497339888739427	0.22807954178210404	-0.4519591271362458
632.896	-0.19289543755519353	-0.16989982686897143	-2.7677198621943413	0.23012464730887996	-0.45190787824024425
632.94	-0.20144043719472143	-0.17314508289565225	-2.785700246478542	0.22820611933694238	-0.4474583196228439
632.984	-0.21006559630926808	-0.17624643905849305	-2.803717640370441	0.23196075417936565	-0.4550476086296237
633.032	-0.21872653214408233	-0.17916244118757446	-2.821571783796492	0.2293321317088618	-0.4435114698410577
633.08	-0.227438110680999	-0.18191203024302172	-2.8393089077734777	0.22696836610583299	-0.44708675325159436
633.127	-0.23620835501283818	-0.1845006489709042	-2.856997934180876	0.22835110249377913	-0.4438286961918918
633.175	-0.2450096052100016	-0.1869440610947573	-2.8747189445575203	0.22691735602889004	-0.4521680867219587
633.223	-0.253845410316506	-0.18925801091363417	-2.8925242527522563	0.2275592734199568	-0.44620985089772275
633.223	-0.26271833970248704	-0.19142756927183854	-2.9104215198538035	0.22995343042208216	-0.4542296211565509
633.271	-0.2716424745388003	-0.19344102620959672	-2.9282867775106913	0.2294817408032762	-0.4442571504222149
633.296	-0.2805976355593143	-0.19529209681680784	-2.9462814816889478	0.22727845723621598	-0.4494942503375297
633.34	-0.2895514555753582	-0.19696046634684236	-2.9642261904963982	0.22781000626169157	-0.4434314034776898
633.383	-0.298544689756363	-0.19846966988300535	-2.9820692615257345	0.22768989773100012	-0.43530404974504455
633.427	-0.30756426814032045	-0.1998340837382601	-2.9999349277991345	0.2269962642829248	-0.44751140416043295
633.471	-0.31661093959712655	-0.2010320890564507	-3.0178139096144854	0.2281966307756423	-0.4472753413967429
633.519	-0.32566560553049806	-0.20208225092734874	-3.035635758841512	0.22924491622572418	-0.45442293604965006
633.567	-0.33475367955418944	-0.2029576756060111	-3.053563082892578	0.23019310775792387	-0.4503786807116815
633.615	-0.34384406706771636	-0.2036634718068703	-3.071347439046606	0.22698915748586113	-0.44751183037514924
633.663	-0.3529516029055931	-0.20419798681418241	-3.089186538908144	0.22738577113475836	-0.44472787782662015
633.663	-0.36204021969748984	-0.20455897529484265	-3.106913465341754	0.22625022941531944	-0.44293660539689145
633.707	-0.3711571409598934	-0.20478190930488455	-3.124622590513756	0.22871966262530904	-0.44716909748980477
633.736	-0.38029502451328356	-0.20485088893201772	3.140741265506873	0.2275511757985353	-0.4473540828572388
633.779	-0.3894280832745742	-0.20475024422899482	3.1228700646769965	0.2265662478442514	-0.4425160080106424
633.823	-0.3985414070436524	-0.20447862155566884	3.105056608113582	0.2289806537072612	-0.4466330701926063
633.871	-0.4076588627104387	-0.20403939810114263	3.0872701731540304	0.2280964729722075	-0.4411833529798749
633.919	-0.4167629315785065	-0.2034313944873433	3.0695742693477928	0.22867634143551807	-0.4471178207146026
633.967	-0.4259025622329421	-0.202644413220577	3.051660911806396	0.22888631905330947	-0.44227549292858065
634.011	-0.4350353490752214	-0.20169418995006544	3.033729446952656	0.22946222330084443	-0.4534217004103127
634.059	-0.4441960518226532	-0.20057772865148876	3.0156068171775607	0.23320420761276456	-0.45795172419203495
634.059	-0.45333890634924173	-0.19929653692116672	2.9974304887253056	0.23052217245327083	-0.4551397587721279
634.107	-0.4624520102465431	-0.19782465753389356	2.9793622501311563	0.22992521401426544	-0.44267647739451055
634.136	-0.4715087220350055	-0.19618438366231677	2.961440288551739	0.23331289638392028	-0.4567476448751206
634.183	-0.4805275292209046	-0.19438151223146283	2.943431432576743	0.23192080223689385	-0.4532431323510699
634.227	-0.4895557622148544	-0.19242852191628496	2.92531019136573	0.22937679535478367	-0.44867667184687227
634.271	-0.4985623740315288	-0.1903021097449395	2.907195180663014	0.23493207812520056	-0.4589846459684998
634.314	-0.5075364879356987	-0.18801069341795107	2.8891085260013747	0.23052044045636283	-0.44834187318453106
634.362	-0.5164335890264996	-0.1855498610580383	2.871075397830811	0.2307368742117431	-0.45413431936221466
634.41	-0.5252798240125759	-0.18292512675503597	2.853078531761476	0.23126653856447274	-0.44478576400338427
634.458	-0.5340626050045794	-0.1801262265546869	2.8350191395147943	0.22986637158086504	-0.4462568304590363
634.458	-0.5428169245899565	-0.1771918702098942	2.816930312013999	0.2296574416288383	-0.4528690838830545
634.506	-0.5515108790273987	-0.1741025838092751	2.798913202401564	0.23207304385332392	-0.44616343096886857
634.536	-0.5602452784774931	-0.17083361420595597	2.7808134429945266	0.23255721983925845	-0.45289152729179377
634.578	-0.5688326975129511	-0.16739250312901843	2.7629824647875143	0.23103443958010828	-0.43860780680990485
634.622	-0.5772737751126739	-0.16385744453672355	2.7448803364139946	0.2299243051120332	-0.44917126225490156
634.67	-0.5856888797358296	-0.160180940452244	2.7267367641577755	0.22941421543545215	-0.45355289379508396
634.714	-0.5940537362018032	-0.15631565756037424	2.7087622141569243	0.22992524521041804	-0.4435081758813646
634.758	-0.602454216773715	-0.15227279213125033	2.6906921102915784	0.2356034386743658	-0.4586350079403694
634.801	-0.6107865496180799	-0.1480832748888513	2.6726424179193877	0.23157989283421732	-0.4450786097190302
634.845	-0.6189042516785905	-0.1437569496964405	2.6546250030747847	0.23099453511452972	-0.44845710141329914
634.89	-0.6269106463681641	-0.13934111157416962	2.636504254867576	0.22971975610122747	-0.4534054431200584
634.934	-0.634868261618561	-0.1347583514407087	2.6184159475397415	0.2293396064325834	-0.4518305938957565
634.978	-0.6429311069768431	-0.12998358985376351	2.6002025449719115	0.2338312507899733	-0.4538918352390675
634.978	-0.65091150130143	-0.1250660278129165	2.581871567626239	0.2338024910784438	-0.4482540178461395
635.022	-0.658636625793049	-0.12000862041679587	2.5639264967046977	0.22701858814370768	-0.45684308578824173
635.056	-0.6662274195673704	-0.11491178742297772	2.54568381013759	0.22901078632269584	-0.45422534921467056
635.102	-0.6737518112308406	-0.10965221785810358	2.527306412102853	0.23024955675443068	-0.45304197881334957
635.146	-0.6811809563295145	-0.10425514813128148	2.509177365362034	0.22961598334031408	-0.4508371286346889
635.194	-0.688551993194655	-0.0986749229168909	2.491090919697579	0.23332377086745526	-0.4626215093666128
635.242	-0.6959239883902663	-0.0929550718097185	2.4727691287787112	0.2320063347211912	-0.4574544493862626
635.286	-0.7031611950563615	-0.08708989237794817	2.454593128845389	0.23104944488379187	-0.4393456371667703
635.33	-0.7101060161824826	-0.08114693467433473	2.436287607633518	0.22689633898825862	-0.46262385240968845
635.378	-0.7169659038631399	-0.07510064695271623	2.4178928089725304	0.22834541997209873	-0.45972532688080137
635.378	-0.723759537805698	-0.06892878472288017	2.399566094036777	0.22959188716791357	-0.4593440711859917
635.426	-0.7304998125005183	-0.06264704059296403	2.3808357402101987	0.230370570739993	-0.4736788388397098
635.456	-0.7371060170324943	-0.056232598997341815	2.3619741200173983	0.22942903824498773	-0.4685884446888944
635.501	-0.7435128982531126	-0.049710507303212956	2.34362248637936	0.22836939029376963	-0.45345943165821095
635.546	-0.7497578113808063	-0.04303013281600532	2.325298101093	0.2275903046435384	-0.46176291195710983
635.59	-0.7559646016183328	-0.03623826041985094	2.3070271665397124	0.22983404409888913	-0.455345637950627
635.638	-0.7620839868998371	-0.029350217587646915	2.2881886652876666	0.23124526845771387	-0.47085500265793573
635.686	-0.768064505697424	-0.022355673578466365	2.269255637057962	0.2293709733118877	-0.46810664293566007
635.73	-0.7738873165600989	-0.015267159544877312	2.2505413710937803	0.23108935227387445	-0.4606477928589243
635.774	-0.779493799764347	-0.008024637933251033	2.232159766163864	0.22945859998876839	-0.4532417634885543
635.818	-0.7849630859339093	-0.0006986532159412168	2.214055808270644	0.22696975626105642	-0.4487993711450871
635.818	-0.7904005549769187	0.006713629571388338	2.195657702590705	0.23142097603898318	-0.48581742404392936
635.862	-0.7957309851719124	0.01423348571138043	2.17653297700162	0.23057506841238587	-0.47790633777069175
635.895	-0.8009083084015363	0.021883647414341137	2.15750659001338	0.23076324956485977	-0.468531117775581
635.937	-0.8058923522694877	0.029637667924034383	2.1392100887329146	0.22812139130426667	-0.4501625167038681
635.981	-0.8106381914355305	0.037449006417640124	2.1211783446483663	0.22772346695307583	-0.45579945966409796
636.025	-0.8153527669462926	0.045316117069914306	2.102897934427448	0.2305381474518868	-0.4741770540688977
636.069	-0.8199817746428133	0.05332625364918112	2.0837163858175565	0.22972364125287345	-0.4780369808549421
636.113	-0.8244231398871673	0.061451276085268215	2.064767804371797	0.2286870741890037	-0.46059418642696415
636.157	-0.8286233375845612	0.06956569732946147	2.046584733431602	0.22846441601435713	-0.45251769481816934
636.201	-0.8326879260515094	0.07774167217488187	2.0285345366012772	0.2292107958476444	-0.4503679508141904
636.245	-0.8366782108436994	0.08600235276055353	2.0101947600775105	0.23050371951540025	-0.4750999898067634
636.289	-0.8405462877690435	0.09441657328162593	1.9909195364138614	0.2341012537520052	-0.4768713296144857
636.333	-0.8442320089888288	0.10292214451242812	1.9719687699283641	0.22953807988629352	-0.4578891556935321
636.377	-0.8476845043535971	0.11139561901711419	1.95391970262904	0.2307049764491415	-0.4577418212365929
636.377	-0.8509594668119341	0.11989413055777029	1.9359510416615724	0.22716795550072938	-0.447837225456147
636.421	-0.854147462992942	0.12850023468980518	1.9177181895545672	0.2309621309705926	-0.4600112818701397
636.456	-0.8572001700300889	0.1371540257733986	1.8993298228128686	0.2297258601934566	-0.46811235546750135
636.497	-0.8600817811488569	0.14584923577798536	1.8806298460747142	0.23144077676160285	-0.46068872081098877
636.541	-0.8627789297355831	0.15456702683922313	1.8622535450374227	0.22937037770881352	-0.45622226742037364
636.585	-0.8653028561460618	0.16332482632603848	1.8441749911156748	0.22772934659743374	-0.4510153329236342
636.629	-0.867668333700611	0.17212002150678024	1.826090386175771	0.22677728181141169	-0.4554275808397394
636.672	-0.8698788998518883	0.18096908323975158	1.8079424948807372	0.22898845453350244	-0.45141987558133945
636.716	-0.8719428298105911	0.18987723676079998	1.7897570989656233	0.22915434308564692	-0.4555456855133137
636.76	-0.8738517075469179	0.19882222641134306	1.7715732790679155	0.22755960777402245	-0.4491176153746392
636.804	-0.8755917949599994	0.20778929402401689	1.7532479009547564	0.22871049272395297	-0.4574690795535938
636.849	-0.8771574004407603	0.21676088646895392	1.7350779811331567	0.2266932515785835	-0.4463464122806924
636.893	-0.878557314342961	0.22576222934831963	1.717006098490175	0.22750688789586027	-0.45541474834481027
636.936	-0.8798005426025687	0.23481566268429407	1.6989114784070656	0.22835079210191023	-0.45180623546959237
636.936	-0.880886856401738	0.24387111889590143	1.6809041264368856	0.22778080945457252	-0.4501467612180851
636.981	-0.881808455913657	0.2529417031016493	1.6629060435888783	0.22821927818949755	-0.45262631823953403
637.016	-0.8825611165633439	0.2620049631541105	1.644907829743542	0.2280915946763396	-0.4537593340866163
637.056	-0.8831469896303975	0.27107988033695907	1.626866987570319	0.22761710614356942	-0.44910240368420756
637.1	-0.8835695286586662	0.28015913439041984	1.6088572032506938	0.22753105444314548	-0.4502450105070714
637.144	-0.8838367262832834	0.2892471179640633	1.590957762286574	0.22780750831995517	-0.4482981486064049
637.188	-0.8839345991509365	0.298363363098945	1.573034985307164	0.22785788938640106	-0.4475973353241432
637.232	-0.8838690717449889	0.3074780974010892	1.5551964415632287	0.2266144028134922	-0.44941071336113564
637.276	-0.8836365990907951	0.31659817364218673	1.5372184372418842	0.2280375259991161	-0.4455338910319634
637.32	-0.8832338866534345	0.32570657769479344	1.5192757063292905	0.23099388248360514	-0.4508086288017971
637.364	-0.8826485883035681	0.3348339380436644	1.5012358034843694	0.2279696417784523	-0.44552646571714005
637.408	-0.8818955713129627	0.3439678268862129	1.4830752782929362	0.23008427497839035	-0.4520522013414856
637.452	-0.880978474115514	0.35314365961455857	1.4648200018378519	0.233586195651616	-0.4614073390317436
637.496	-0.8798932768258793	0.3623617798626449	1.4464723772173085	0.23013043061937666	-0.4603417966694589
637.54	-0.8786180931138305	0.3714882898973108	1.4282406971321124	0.22977509037453825	-0.44876574537603425
637.54	-0.8771942033761141	0.3806020852109594	1.4099330130899919	0.22906497573592086	-0.4554123351819102
637.583	-0.8755602805786866	0.3896857135679359	1.3917858477564682	0.2334399804446172	-0.4653970123603348
637.616	-0.873777975760159	0.39874158889415	1.3736370975228294	0.23011747215412184	-0.45030630433120605
637.66	-0.8718271285012903	0.40773655775214135	1.355504227825695	0.2288167441587092	-0.4553940173261172
637.704	-0.8697164160311261	0.41674575149437376	1.3372371887595633	0.23093245234701332	-0.44628904994687546
637.747	-0.8674499683710853	0.4257030275905388	1.3189750342690503	0.2307986499454636	-0.4586177488163183
637.796	-0.8650069320408006	0.43462041842072896	1.300863137925912	0.23117918950639668	-0.4499163151460556
637.839	-0.8623940886573225	0.44346800296717725	1.2827389589862823	0.23010542769395434	-0.4494120149697786
637.883	-0.8596381640549136	0.4522562557311018	1.2646830382658878	0.22884426896802076	-0.45619756998763067
637.927	-0.8567360540066069	0.46101355431243524	1.2463644479654412	0.22899823081262044	-0.46589131329326433
637.971	-0.8536602266269688	0.46968267083982107	1.2281267545799404	0.23153766514190358	-0.45308115143581007
638.015	-0.8504403313011808	0.47830246330696313	1.2100457982658015	0.23006426926985496	-0.4524581403531536
638.063	-0.847019637523097	0.48695437193708735	1.1919134445856387	0.23326439130785295	-0.4509356039445401
638.063	-0.8434541573995457	0.49558057439551884	1.173745434073808	0.22966451356035367	-0.4482672789781042
638.111	-0.8397086947491091	0.5039797801679253	1.1556994757912746	0.2276643446567699	-0.4568057288922885
638.136	-0.8358927818761299	0.512321649960333	1.1375270918665017	0.2298671390200876	-0.4602722237036241
638.183	-0.8318879709528664	0.5206063552528387	1.1193175957454307	0.22974758343741594	-0.45392293875388434
638.227	-0.8277083342019115	0.5288317479172442	1.1013753427553337	0.23009069992486658	-0.44663813341130254
638.271	-0.8233437296581128	0.5371013859916554	1.0833891374068847	0.2334702426979424	-0.4534874392829668
638.315	-0.8188246155851494	0.5452940771472394	1.0654064067343167	0.23232661046695835	-0.4462257474849327
638.363	-0.8142039714182846	0.5532441881564938	1.0475585725472938	0.22882939276319753	-0.4596026050293985
638.407	-0.8095060365423109	0.5610934229372954	1.029167270779619	0.22877400745808185	-0.46356991608540987
638.451	-0.804651886734749	0.5688995603744563	1.0108674888941118	0.22979318102351526	-0.45099648729615993
638.494	-0.7996299787236419	0.5766096977751984	0.9927969371249609	0.2297326393666383	-0.4546257859393933
638.538	-0.7944275520347521	0.5843762329023117	0.974489274530858	0.2342739561781606	-0.4639751914135485
638.538	-0.7890761603610862	0.5920876977476045	0.9560867202927766	0.23362016353456577	-0.45302702885393603
638.582	-0.7836216106033707	0.599458946961319	0.9380433396083461	0.228480387402212	-0.4533109399521304
638.616	-0.7780899065186273	0.6067291574943177	0.9197151328226596	0.22874513379898292	-0.4563551787583331
638.658	-0.7724188204063327	0.6139447696778092	0.9013171887001393	0.22870645610349438	-0.455984344768503
638.702	-0.7666003983051204	0.6211055647566524	0.883082277329295	0.23196115857566682	-0.4519438250760706
638.75	-0.7606529722593868	0.6282133471953335	0.8646885222857541	0.23200652626161994	-0.4691316781782099
638.794	-0.7545853031522	0.6351910922773956	0.8462456838142519	0.23158986856924485	-0.4584244689306424
638.838	-0.7483820968675496	0.6420335961630279	0.8277821312442952	0.22895793847146018	-0.46065876287226537
638.882	-0.7420555985183468	0.6487085816742999	0.8093957812993554	0.22835953556303357	-0.45687992924650334
638.926	-0.7356052302969149	0.6552299341794613	0.7911827220887115	0.22918682191400652	-0.4587732188318978
638.97	-0.7290583396660051	0.6617047766791752	0.7728098088119313	0.22990068575385597	-0.47086061354218717
639.014	-0.7224083267867754	0.6680566368162986	0.7539807220984188	0.22808336237920188	-0.46901330066743313
639.058	-0.7156045403729924	0.674273492223252	0.735343609670503	0.22854254416002	-0.4563420868897424
639.058	-0.7086773409159499	0.6802755583823776	0.717066828867897	0.23057552803859394	-0.4626958271898172
639.102	-0.7016497545414943	0.686187051559696	0.6988709728971263	0.23109295428155407	-0.45359255894218986
639.136	-0.6945460400054919	0.6920654976008772	0.6800046653366982	0.2303685229814338	-0.47278573893608966
639.178	-0.687332386038518	0.6977802483417359	0.6610064190643966	0.22899590961590371	-0.4737192421945087
639.222	-0.680015813446939	0.7033205414783749	0.6424136771924588	0.22990421358498558	-0.4545356108995443
639.266	-0.6725110232339337	0.7086261215569871	0.6243908385617503	0.22922710919500666	-0.445371354875598
639.31	-0.6649710603601168	0.7138468095917934	0.6067349386659192	0.2285663825202569	-0.43368057681323297
639.354	-0.6573744835223367	0.7189960434078946	0.5886406748086255	0.2310565713149798	-0.47945475874372195
639.398	-0.6496543327119625	0.7240541217556732	0.5696445302172535	0.23164191889543412	-0.4798100497127573
639.442	-0.6417731983713985	0.7289734825941391	0.5506437051792886	0.2318193210593031	-0.46281200407418854
639.486	-0.6338874843297777	0.7336002805092781	0.5325264287044965	0.22709687660809552	-0.44307960379484307
639.529	-0.6259257115674925	0.7380818928966524	0.5147473487786085	0.22715498223895167	-0.4440993895436008
639.573	-0.6179010389854137	0.7424954186709413	0.49670925161809537	0.2318562888985034	-0.4772328806882922
639.617	-0.60971709695696	0.7468466972419148	0.477373987779706	0.23250372468991948	-0.48567342024223403
639.617	-0.6014231756462689	0.7510278227632192	0.45810128269901146	0.23151239023603454	-0.47268306117766806
639.661	-0.5930574970105276	0.7550049528955749	0.43974243517346795	0.2306993331107559	-0.441056161443799
639.696	-0.5847116686701131	0.7587029320623244	0.4220870370404601	0.22732976162696147	-0.4425772051971877
639.741	-0.5763178083007993	0.7622979099985124	0.40449450664663866	0.2271441631424223	-0.4416445428735634
639.785	-0.5678480703107486	0.7657804017262687	0.3865302209822259	0.22875338729168324	-0.44664300103403737
639.829	-0.5592664588083608	0.7691810026393553	0.367943205083208	0.22960425175855992	-0.4686240474744694
639.873	-0.5505845169338628	0.7724270486848038	0.34896709505353923	0.23293158894822685	-0.473965210777334
639.917	-0.5418862635620979	0.7754514244240532	0.33063578637145014	0.2282602582283721	-0.4413042701063253
639.961	-0.5332150624743632	0.7782414523053413	0.31293849420975894	0.22719965960847913	-0.4418130929323415
640.005	-0.5244738497300487	0.7809173690113478	0.2951264866168348	0.22844728881309226	-0.4486021638919844
640.049	-0.5156586860871829	0.7835048561686667	0.27706222328847485	0.23042297348243712	-0.4519130700599797
640.093	-0.5068195795906596	0.7859392413131352	0.25901238679094607	0.2301166426886002	-0.4674068320761301
640.137	-0.4979339591792638	0.788209485467887	0.24071676861653712	0.2299546837966133	-0.4529290886085718
640.137	-0.48905297459632885	0.7902690797903014	0.22295641623361498	0.22600030828589537	-0.43960737632451546
640.182	-0.4801381009919243	0.7921582249671014	0.20523302295376603	0.22942036870418936	-0.45082584051253183
640.216	-0.47118364860483597	0.7939178563839862	0.1873045126052351	0.23051232358015533	-0.4568957760955161
640.257	-0.462186379249925	0.7955322294119799	0.16943868607889356	0.22993598799232406	-0.45718957988127984
640.301	-0.45316165760211063	0.7969955330644111	0.1516053775516195	0.22793602966894747	-0.4448179815335404
640.345	-0.4440985567676638	0.7982903674798589	0.13367607219305183	0.22938975722303834	-0.45118944389123805
640.389	-0.43503685902908507	0.7994280809902027	0.1157797701445932	0.22721754009593523	-0.4444238998133417
640.433	-0.42596327701937164	0.8003778692729642	0.09785128319763425	0.22769562257242817	-0.446202210469151
640.477	-0.4168831925737002	0.8011799028338259	0.08004711636494106	0.22652425540998614	-0.4394009631287032
640.521	-0.4077971712612521	0.8017922926649746	0.062183522951939595	0.22836088195649845	-0.4499132751222888
640.565	-0.3986729470490359	0.8022674396644542	0.044396232894851666	0.22670875374942862	-0.4423172010370176
640.609	-0.3895399078968465	0.8025770051242214	0.026577489532171986	0.23339737513069822	-0.4675785760780989
640.653	-0.3803829329896926	0.8027229223048644	0.008677322929896793	0.22718252624266996	-0.44691039448321657
640.697	-0.37124833313333006	0.8027194000558181	-0.009160217015782067	0.22852828473261663	-0.44168245025974134
640.697	-0.36211653648890674	0.802544212764888	-0.027023063118909455	0.22678331148542416	-0.443424104282452
640.741	-0.35296107413081	0.8021980264641582	-0.044938690846942596	0.22793529444575938	-0.451500510897456
640.775	-0.34381975513761237	0.8016734387493132	-0.0628163957945799	0.23001575191972365	-0.4507464292893549
640.816	-0.33465358512390264	0.8009868868565567	-0.08078928996405069	0.23119235124594234	-0.45378354320633635
640.86	-0.3254839010346288	0.8001262274815163	-0.09878401381018206	0.22987342816832446	-0.45367541509003156
640.904	-0.3163064672017157	0.7990967371081886	-0.11691011244855778	0.22999975837476255	-0.45693635390735776
640.948	-0.3071480563914909	0.7978914094223178	-0.13510601109527612	0.23209081983637905	-0.4586220019980813
640.992	-0.2980194864406527	0.7965157595582669	-0.1532467101227368	0.23103447174439007	-0.4476078292335372
641.036	-0.2889439255320966	0.7949605576277237	-0.1712002071333344	0.2287373829654782	-0.4455376629633637
641.08	-0.27990205446322575	0.7932322920362335	-0.18915647086822937	0.22797087752358688	-0.44504156882322976
641.124	-0.270879249473801	0.7913547389394491	-0.2072478991286557	0.22940234886235414	-0.4539720056793519
641.168	-0.2618590991679875	0.7893272807752862	-0.22540401987111613	0.23238043576465428	-0.4514201364455267
641.212	-0.2529005770512907	0.7871200048231919	-0.24349181746649096	0.2303560866111942	-0.4503802155084539
641.256	-0.24397219370145767	0.7847322556826959	-0.26150869224297063	0.23129044588556713	-0.45251635314811134
641.256	-0.23510243794808136	0.782184374778926	-0.2794733671936254	0.23013281183718892	-0.4435583997329752
641.3	-0.22625688663510526	0.7794718700087633	-0.29757014779315943	0.23328046323652274	-0.4526271016773739
641.336	-0.21750523415820053	0.7766074272235582	-0.31551689994506427	0.2290030677784872	-0.45324280728620453
641.376	-0.20878227290261075	0.7735932704085541	-0.33360374749657984	0.23107252917007146	-0.449196014170965
641.42	-0.20004273873547335	0.7704271511692123	-0.35178402013767274	0.23158932464946802	-0.44978288313511283
641.464	-0.19139687007290063	0.7670971509860902	-0.36984544031147515	0.22979099937939299	-0.4482096589954159
641.508	-0.18277763447603998	0.7635997198021602	-0.3878937739511365	0.234192993499729	-0.4560398875290441
641.552	-0.17432450430640684	0.7599294273835235	-0.405789262814442	0.2276862074755973	-0.4575397987693392
641.596	-0.1659796026033657	0.7561777413689579	-0.42396913383769597	0.22988372017685016	-0.4506774044719768
641.64	-0.15766397120435227	0.7522744907447135	-0.4420773209393835	0.23049325226836737	-0.4470861639266269
641.684	-0.14939524900659848	0.7481694718536	-0.4600838402605784	0.23197729527681857	-0.4466131824585476
641.728	-0.141142065524059	0.7439016801488645	-0.4779584760772821	0.2317047996206284	-0.44788216108518636
641.772	-0.1329104082704728	0.7394666019251857	-0.4959749451896886	0.23160537191991637	-0.4434750371172211
641.815	-0.12492181726849615	0.7349113626272061	-0.5138556546039277	0.22771413546709274	-0.4546125316686758
641.859	-0.11701578161477841	0.7302970706047078	-0.5320653749416832	0.22924860589538315	-0.4543532548241582
641.859	-0.10917629196151275	0.7255234163495423	-0.5503388437009344	0.2293930694175288	-0.4558649067648326
641.903	-0.10136282703161817	0.7205824810045292	-0.5683558686611085	0.23203123680216928	-0.4572038758478158
641.936	-0.09353472431829918	0.7154839191471467	-0.5866959709748816	0.23421181994211626	-0.46688083771976135
641.979	-0.08584295918726546	0.7102180059907401	-0.6049321182046398	0.23243995069629084	-0.4487205181008916
642.023	-0.07844952471403847	0.704881594983809	-0.6231851550205333	0.22872917926977032	-0.4550452313383738
642.067	-0.07109323333950902	0.6994312261276819	-0.6414585065966293	0.22887199535707162	-0.45494771758606123
642.111	-0.06380620688897265	0.6938318627205664	-0.6597115979821832	0.2293413416076909	-0.4525110669825412
642.155	-0.05652130225666649	0.688069797584061	-0.6780121703155022	0.23126158173185618	-0.46230826892445515
642.199	-0.049314958503293926	0.6821603070196425	-0.6965828581811857	0.23277797962161462	-0.4682928203048418
642.243	-0.0422522288990239	0.6761367568944054	-0.7151582646054776	0.23175726461074653	-0.4631229708778362
642.287	-0.03539905923185124	0.670030472655784	-0.7336065972169197	0.22835084500344466	-0.4581882851562704
642.331	-0.028683991782673668	0.6637955006199847	-0.7519606821934791	0.22961772404287145	-0.45764125816278556
642.375	-0.02207681934330509	0.6574365569354244	-0.7702976212119891	0.22866791048380572	-0.4597091829788755
642.419	-0.01554425204699332	0.6509552172063927	-0.788833879198712	0.22952017377317524	-0.47315561318985233
642.419	-0.009137591578541271	0.644379637028105	-0.8075776102833941	0.22880170309853917	-0.4652162059244757
642.463	-0.0028596021923833898	0.6376741557129905	-0.8262257517774089	0.2300902411633075	-0.4601046611406689
642.496	0.003176963347998746	0.6308204225646215	-0.8446294424993851	0.22727422794638288	-0.4567259417268527
642.539	0.009149189340131467	0.6238631807752664	-0.8628695587546983	0.2293375494539136	-0.44837707956618544
642.583	0.015069553690386275	0.6168202887767196	-0.8816152798650327	0.23188083109495045	-0.48629515545657936
642.627	0.02089000823454077	0.6096275227044026	-0.9008448542352335	0.23150363597589507	-0.48160233339815034
642.671	0.026505817162574608	0.6023757358733247	-0.9197342169246533	0.2310822949861836	-0.46535257821529513
642.715	0.03197861071297597	0.594969053492401	-0.9381543281200784	0.2300684941386884	-0.45561823455072864
642.759	0.03718872406313265	0.58744668544323	-0.956308522548505	0.22898353438207547	-0.4498001215314895
642.803	0.04238380117732074	0.5798840020897162	-0.9744398665963376	0.22958073421485253	-0.46122788332593984
642.847	0.047515437522852075	0.5722016724080146	-0.9934780478313896	0.2312802665299704	-0.4777450887741715
642.891	0.05247579992683862	0.5644106959456727	-1.0124451294146402	0.22996714353599373	-0.47365382599703404
642.935	0.05724370508301938	0.5565312261017806	-1.0310705447279864	0.22618364793980686	-0.4612557396268943
642.979	0.06175711224730072	0.5486070140396742	-1.0492235107002166	0.22547796744139587	-0.44968813576547845
642.979	0.0661903117981072	0.5405956779955755	-1.0674107989388588	0.2308435636054206	-0.4535345615719497
643.023	0.07057198945129146	0.5324898531362902	-1.086053812150073	0.22956166016507717	-0.47863867861478204
643.056	0.07482282870850264	0.5242412317136534	-1.1054116879883777	0.2324497560947219	-0.48697717703414123
643.099	0.07889904470879971	0.515906737451433	-1.1247014210624249	0.2313640766563067	-0.48127803504853334
643.143	0.08276178926569881	0.5075528952583076	-1.1430222147601166	0.22667362544379852	-0.44915017122936385
643.187	0.08639193029609912	0.4992014678629353	-1.1608930154681472	0.227207435021259	-0.44426898064752685
643.23	0.08991385577709196	0.49077853510499014	-1.1788730284949183	0.22923084475976685	-0.4563906596479155
643.274	0.09336809813695737	0.4822220424753372	-1.1974482673421765	0.2310203428085306	-0.47873091521487254
643.318	0.09667034514510332	0.4735529655677844	-1.2165984232174853	0.23128344614151572	-0.4760741831139734
643.362	0.09976813122701247	0.46487203197978927	-1.2351149401633634	0.22628326746985872	-0.45577075682769125
643.406	0.10266263942687698	0.4562096306165315	-1.2532129933952518	0.22941582197851157	-0.4585361439906153
643.45	0.10542699657226678	0.447492392246756	-1.271400181853254	0.22935447613164997	-0.4517773468073076
643.494	0.10803966497519152	0.4387311992059219	-1.2896642598678554	0.22959871205591165	-0.4632849135516575
643.538	0.11049505273676893	0.42991001760447584	-1.3079764978005128	0.23296249811926595	-0.4674896633644504
643.538	0.11279342346918081	0.4210497203988165	-1.326182031839463	0.2271028643998753	-0.44869925445314535
643.582	0.11491780314670008	0.41212684940125405	-1.3444180229474765	0.22903794207276054	-0.4531904694540702
643.616	0.11688443612852206	0.4032029004396408	-1.3625128081526476	0.22861427569790757	-0.45988622406344437
643.658	0.11868669573738021	0.39428330306783	-1.3806415420272453	0.22721492474018318	-0.4528301030108748
643.702	0.12032866498145138	0.38530543013440954	-1.3988150541158397	0.22870949270007018	-0.4462816369748573
643.746	0.12180740343211241	0.37631804573325933	-1.4169374658212355	0.23101236907902697	-0.4669813621504861
643.79	0.12312287878357253	0.36727711671223634	-1.4351355562749728	0.22963194964912265	-0.45454504652742816
643.834	0.12426750210705058	0.35823783197245945	-1.4531438327537074	0.22721623262061647	-0.4559107517488724
643.878	0.1252501835172365	0.34919744698449395	-1.4710549527473287	0.22803347622589573	-0.4484255844859685
643.922	0.12607151599478933	0.34013860802327894	-1.4890398382110428	0.2257668673757527	-0.45147554409987584
643.966	0.1267344413245685	0.33108757233978015	-1.5070128115560202	0.2257570747559268	-0.4440975979028831
644.01	0.1272281011206749	0.32202872416400374	-1.525055602481874	0.226513183200585	-0.45689205899005014
644.054	0.12756394027321408	0.31295707809115497	-1.5430046517171885	0.22714675338933074	-0.44450005676655935
644.098	0.12773236894992077	0.3038673992312683	-1.5608877310925817	0.2279063819633928	-0.4406005502758874
644.098	0.1277400192317029	0.2947816008315747	-1.5786885360256895	0.22903354299133732	-0.44504513922216427
644.142	0.1275768963540264	0.28569651084431846	-1.5965004036616026	0.22755930005215524	-0.44452659951188067
644.176	0.127249357930618	0.27658042423633883	-1.6144648486650657	0.22913258382111706	-0.4506333250418874
644.218	0.12674717302737998	0.2674620181375341	-1.6325638280432	0.2285992326714466	-0.4519355039567975
644.262	0.12606719205302425	0.25833509627685597	-1.6507016582101424	0.22852033456146964	-0.4603983489270195
644.306	0.12521684155835652	0.24919866173942162	-1.668880925294386	0.23124917929641572	-0.46480771065860194
644.35	0.12420218458234465	0.23998410865798653	-1.687201350783386	0.2320653570771565	-0.46244009125639224
644.394	0.1230241797700794	0.2307487604701213	-1.7055238830173622	0.2347283263387692	-0.460038166266874
644.438	0.12166045827889324	0.22161536056059672	-1.7237997783021437	0.2298916383661706	-0.4536303832062769
644.482	0.12012638172482179	0.2125192299723818	-1.7420809824018249	0.232258142623368	-0.46390902581518745
644.526	0.11843187995397356	0.20348489760483673	-1.7603699279556482	0.23006483629885305	-0.45468177161041223
644.57	0.11655930674370325	0.19448046385581408	-1.7786413912286412	0.22928194599081433	-0.45292389603908195
644.614	0.1145234839262367	0.1855029915636191	-1.7968592189367425	0.2306978567878868	-0.45343798681457276
644.658	0.1122939143834163	0.17650043674741805	-1.8150842655218904	0.23006148929967554	-0.45406565470831906
644.658	0.10992260624116484	0.16746117223004864	-1.8333545564534317	0.23492531413919207	-0.46003066068800536
644.702	0.1073734845626291	0.15852415194465866	-1.8516623522136837	0.2282349807043343	-0.45458848463710927
644.736	0.10469315904480506	0.1498020587468944	-1.8699688513799568	0.22790886312190978	-0.4574231570866297
644.778	0.1018491227126002	0.1410886233081327	-1.8882023743569383	0.2296505034803705	-0.4558209924250395
644.821	0.09881452994347532	0.1323721194758952	-1.906215319329405	0.22970690952429937	-0.45246433046645673
644.869	0.09556000397017925	0.1236246738891067	-1.9239988124420155	0.23344776237573134	-0.44270207718109134
644.913	0.09218036613420902	0.11493768284277933	-1.94177694847789	0.23325164069668142	-0.45565465742710914
644.961	0.0886835672833288	0.10640074611897782	-1.9598014445448944	0.22881785287384981	-0.45839585223047385
645.005	0.08509767898133277	0.09796411400359684	-1.9781855129564334	0.22999598878150973	-0.45621707119478105
645.049	0.08134239010424878	0.08960876673714599	-1.9965273742222192	0.22941859737333214	-0.459271235639923
645.093	0.0774202728113353	0.08130216823345128	-2.014725133905415	0.2302331957580418	-0.4555087217615709
645.141	0.07330380876069192	0.07301831092583394	-2.032771091547489	0.23187778514919005	-0.4567411752483144
645.141	0.06904225534532135	0.0646604143839915	-2.0510945493184445	0.23516047412057528	-0.4559018976759863
645.189	0.06461090597052248	0.05642980760450235	-2.069339374746379	0.23110802622671683	-0.4466448951316561
645.216	0.060085569640530925	0.04848872290519346	-2.087520271558493	0.22856244992021643	-0.4547800565366006
645.257	0.05544933543317578	0.04057920371596653	-2.1058491734614315	0.22926650234041482	-0.45711976739841714
645.305	0.050645469588444764	0.032732468173777354	-2.1241654952378646	0.23187657800281428	-0.45985713653746857
645.353	0.04563886529973456	0.02490385410577506	-2.1422037427611014	0.23819598974788642	-0.46425359051908494
645.397	0.04047879054232763	0.017061819815249457	-2.160519466850686	0.23331434037360638	-0.45692870281261005
645.445	0.03518780553904302	0.009453588906441782	-2.178474694518916	0.22858126983702212	-0.4530089487299679
645.489	0.029849394740441154	0.002038627745795371	-2.1968125666601797	0.2296368703382684	-0.45873464100605654
645.537	0.02437006811110186	-0.005328235443602822	-2.215142049399904	0.23078280766111164	-0.45410776417739607
645.537	0.018741799272155413	-0.012576747221689999	-2.2334004132507737	0.23148855272665422	-0.45487560383415027
645.585	0.012979266513600998	-0.019745276218819455	-2.2515451763306302	0.2313473987180763	-0.44918350567501364
645.616	0.007081363331575122	-0.026860418046439218	-2.2698013084607984	0.230862923404252	-0.45721712706430706
645.657	0.0010897894617565712	-0.03385987284660419	-2.288089002139594	0.2306131003401738	-0.45630244850868873
645.705	-0.005024132956584881	-0.04073735774151758	-2.3064700533175935	0.2290719550500005	-0.457881712345941
645.753	-0.011283447167040578	-0.04747542636966809	-2.3249261240935684	0.22786560041265955	-0.4626118157068115
645.801	-0.017690410369387524	-0.054033724175823264	-2.3432955668827016	0.22811484761923112	-0.45411949724662687
645.849	-0.024205474767637493	-0.060508176824224186	-2.36153091050143	0.22973194215416107	-0.45489963702144587
645.892	-0.03083219113387122	-0.06692756787383111	-2.3801399867475617	0.2303998829183697	-0.4797363569903114
645.936	-0.03757155752927988	-0.07322865268312746	-2.399054891530379	0.230412274628364	-0.4705438491894919
645.936	-0.04439586411230742	-0.07935649641157999	-2.417675000696954	0.2307600285326037	-0.4657649334844271
645.984	-0.05137029951171983	-0.08531159279990924	-2.435994777053905	0.22898554411086777	-0.4590779351704587
646.016	-0.05852326003223644	-0.09107744963932575	-2.4540412765474366	0.2296219667686092	-0.44705830341453534
646.057	-0.06567182184266282	-0.09684764666646872	-2.4723307372191847	0.23108778946592812	-0.47610683402962556
646.1	-0.07297016892085306	-0.10251201587389527	-2.4914113354643583	0.23061148428851028	-0.4780799278522096
646.148	-0.08035736038580898	-0.10800464109379318	-2.5102215868177997	0.22897293815110553	-0.45893868124573994
646.197	-0.08786378738373983	-0.1132341851162283	-2.528540253550792	0.22847367651423428	-0.4534710439296728
646.244	-0.09544220274547051	-0.11831615694695646	-2.5462153492228055	0.2264834862191149	-0.4357854848255533
646.292	-0.10311752840273922	-0.123350022657259	-2.564179102798213	0.2330092583176188	-0.46928730954524944
646.34	-0.11091352278003469	-0.12836110518186458	-2.583616000417854	0.23344983581238277	-0.49214671593415127
646.34	-0.118859714434315	-0.1331997640983485	-2.6030918471565343	0.2320834882244014	-0.47592816277554834
646.384	-0.12685049247395117	-0.1378141879513473	-2.6214138969211165	0.228192747705172	-0.4490961145429247
646.416	-0.13486848692030043	-0.14218560919849071	-2.6390333422484056	0.2276292072398818	-0.4399508240655092
646.46	-0.14294606138182608	-0.1464491046926446	-2.656767597791266	0.22942380418054875	-0.447110718262212
646.504	-0.1511211257852919	-0.15064903072005248	-2.675259807413574	0.2300898562057314	-0.47671602453091283
646.552	-0.15945351820378156	-0.15473962785773915	-2.694519520601888	0.23006746802952954	-0.48079296716115205
646.6	-0.16785066084170497	-0.15864602842566156	-2.7132730898129442	0.22713515374695342	-0.4526221270905603
646.644	-0.17621211329410108	-0.16226357135154185	-2.7310024359748124	0.2287768211165162	-0.44416352000383447
646.688	-0.18463901714336	-0.16575443445494156	-2.7486431443781933	0.2306908953769052	-0.4451294591968199
646.732	-0.19315865823993145	-0.1691980145511311	-2.766991548891932	0.23077318146213144	-0.4700385414801647
646.776	-0.20183775484558594	-0.1725175605073615	-2.7861089970714215	0.23311381917314872	-0.47463480368192845
646.776	-0.2105919520990296	-0.17565004694967057	-2.8049097940947587	0.23276981693368784	-0.45391823254345476
646.82	-0.21927577924130542	-0.17853489302997894	-2.8226360850770815	0.2282377140484223	-0.4409932109248502
646.856	-0.22797797446998375	-0.18124089385241818	-2.840262547566421	0.22703659073783244	-0.4439301487185633
646.896	-0.2367172521315194	-0.1837861942046089	-2.85796402079579	0.2262173425241475	-0.4498516769970773
646.94	-0.24551616363701664	-0.18623497175058912	-2.875764791093727	0.2297878537035522	-0.45192558025461665
646.984	-0.2543455738841057	-0.1885710071582453	-2.894012411116002	0.22710500884984333	-0.46655048965696577
647.028	-0.26321840665772595	-0.19072215094642186	-2.912340402638549	0.22945697999674938	-0.4611223002435897
647.072	-0.2721306688655113	-0.19269610754775202	-2.9302095496113245	0.22765385389184148	-0.4483999324575935
647.12	-0.2810776294872054	-0.19451014106579176	-2.9481040155108853	0.22682365617232678	-0.44401886069490193
647.168	-0.2900516146992047	-0.1961566465633293	-2.9660139085729944	0.2285501705216266	-0.4504622720199796
647.215	-0.29906927875301065	-0.19766726399988765	-2.9839731621322585	0.228386906620031	-0.4477455049397847
647.259	-0.30811021912943265	-0.19902149788743362	-3.0018869686493512	0.22933726194714424	-0.44593997610646047
647.259	-0.31716897534620153	-0.20021318286209633	-3.0197884158773656	0.23028845785904173	-0.45563712718819455
647.303	-0.3262457121125154	-0.20123652516886525	-3.037653847177495	0.2273901572098698	-0.4440621731094653
647.336	-0.335321121307581	-0.20208114085976414	-3.0554400478664947	0.22557993613271832	-0.44694682211978914
647.376	-0.3443815181168973	-0.2027578517197532	-3.0732131294740905	0.2277828057498674	-0.4466296518920091
647.419	-0.3534792924417047	-0.20329421285993943	-3.090966967374076	0.22697629860472335	-0.4413269931644061
647.463	-0.36260081792830984	-0.2036757601629703	-3.1088387069591703	0.22693702633014481	-0.44153093555464396
647.507	-0.3717282975184485	-0.20389390604110758	-3.1267061474774134	0.228217366220159	-0.44057410551446674
647.551	-0.38084311995180775	-0.2039320467786007	3.1387534382302182	0.22704899083124921	-0.44323111231870577
647.599	-0.3900158534856293	-0.2038079380538586	3.1208456624104204	0.22898693062381673	-0.44657179850749057
647.643	-0.39918087494342613	-0.20352326598036732	3.102957173096538	0.22697771396678262	-0.44881467254385865
647.687	-0.4083289687866165	-0.20305129402247885	3.0850425639564145	0.22701652939843137	-0.4443136884662232
647.731	-0.41746090827034504	-0.20242427123934967	3.0671432295280168	0.22977359645822412	-0.45156025379667714
647.775	-0.4266378618519784	-0.20163272609454116	3.0490808921238908	0.23123034660526812	-0.4575809219154888
647.818	-0.43581631684493777	-0.2006573458797875	3.03088988049679	0.22854823498056023	-0.4532427869832286
647.818	-0.4449536958740373	-0.1995091774518572	3.0128232267914945	0.22854128411117702	-0.4414831290993642
647.863	-0.45406052424561766	-0.1981857741725605	2.994863547147222	0.2312952567957711	-0.4464799448759343
647.896	-0.46316160825222163	-0.19669946538425892	2.9767883941426825	0.22918426978890158	-0.45092205043150696
647.943	-0.47225734468254416	-0.19505040029238596	2.9586279406560756	0.23228670481103608	-0.4563749186618812
647.987	-0.4813466088013864	-0.19324344325072348	2.94043275195793	0.2304709505384881	-0.4492516943304217
648.035	-0.4903598388585394	-0.19123389111027356	2.922412577592556	0.23235488061726045	-0.4559530055268556
648.083	-0.49933671577561717	-0.1890704185909754	2.90438500206219	0.22852435615600347	-0.4482940098037619
648.131	-0.5082628217803009	-0.1867386452859745	2.886383341952558	0.22914228471131406	-0.4477258784100182
648.179	-0.5171259867547446	-0.18424788221101418	2.8683654309903766	0.23135427540669984	-0.4512920659127058
648.179	-0.5259992648338571	-0.18160627168488774	2.850276865709749	0.23018994137808674	-0.45531035922542296
648.223	-0.5348491821528255	-0.17880358244849037	2.832145494337635	0.2293078421847665	-0.45424689627510956
648.256	-0.5436011649074284	-0.17584700943826173	2.814024699423903	0.2293320440006707	-0.45506724393995807
648.299	-0.5523186083453763	-0.1727487535197318	2.7958216599409704	0.2310328294085241	-0.451012404649033
648.343	-0.560977750922968	-0.1694770367288266	2.7775869092288143	0.23040544083297565	-0.4489139577512885
648.387	-0.5695734924794996	-0.16604876121908876	2.7594559438513695	0.23050262273309174	-0.4525943649086389
648.431	-0.578056134511326	-0.1624692761943891	2.741410930794827	0.2301288682715966	-0.447172604946934
648.475	-0.5864791980785322	-0.15873873059393084	2.7234206360255793	0.23216930740984854	-0.4567076709327489
648.519	-0.594843767273647	-0.15484936487742046	2.7053965413772976	0.2338379489723515	-0.4445198842647488
648.563	-0.6032380688136014	-0.1507705867314893	2.6874305334174315	0.23364184365004764	-0.44474854096682664
648.607	-0.6114247535373681	-0.1465501109834631	2.66955214433113	0.22863151095450163	-0.45039366372086265
648.65	-0.6195088664178791	-0.14225944374498536	2.65137928984883	0.22908778080344883	-0.4515484829303007
648.694	-0.6275512586713778	-0.13781052743204436	2.6332667409663055	0.23192953980136255	-0.448672117595153
648.742	-0.6355510046575977	-0.1331643270472449	2.6153502438703233	0.23524667307969666	-0.45696649895313196
648.742	-0.6436044819418583	-0.12837100888477695	2.5971151284617906	0.23498523214138037	-0.4592704600335248
648.786	-0.6515125618603032	-0.12341510657680033	2.579068045925497	0.23020325032956213	-0.44044757704657556
648.816	-0.6591376444738173	-0.11837947165694014	2.561048879130693	0.2287176259158795	-0.4555111734873982
648.862	-0.666722285863277	-0.11325013583707813	2.542733080761642	0.23054716433701172	-0.4605490190163049
648.905	-0.6742593786660188	-0.10795293318680464	2.524487784858625	0.23038122143524714	-0.451487630586709
648.954	-0.6817937451263092	-0.1024850179011727	2.5062505674244004	0.23145888738865145	-0.46106419187456266
649.002	-0.6892890661346267	-0.0968467581735224	2.487759509711483	0.23365620747112997	-0.45873935797655585
649.05	-0.6964659668758967	-0.09111807493137042	2.4695663159455057	0.22878363998769108	-0.4567639696217249
649.094	-0.7035334205120283	-0.08530753597451031	2.4512058651860817	0.2292113660786746	-0.45653142614022485
649.137	-0.7105125167820739	-0.07936938284836395	2.4327954308320985	0.2286124707119742	-0.46030063057243203
649.137	-0.7173942060769672	-0.07329908586716963	2.4144423378810105	0.22849298203142115	-0.45522664807773366
649.182	-0.7241985376445308	-0.06709505951515511	2.396049601965567	0.22934749030332632	-0.46131085359393187
649.216	-0.7309171734831852	-0.06078727889497672	2.3773122292119906	0.23027686206376552	-0.47710205170730724
649.257	-0.7374958661338578	-0.0543626084875819	2.3583301849144513	0.2299777818418437	-0.471938247085622
649.301	-0.7438725104421554	-0.04780414716746159	2.3398830123658736	0.22923906038281827	-0.45169809890440404
649.345	-0.7501112561432601	-0.04109828206343569	2.3216932880044423	0.22953019876436348	-0.451836091851827
