223.776	0.2175347411096295	0.029807028206312352	0.4602757118837242	-0.00037109196079147247	0.0014283733420203187
223.816	0.2175347024235887	0.029802938593610107	0.4602770295437692	-0.0004246119338032204	0.0021509874614231627
223.855	0.2175318119807474	0.02980503664269332	0.4602721865170746	-4.906392557825433e-05	-0.00037255581719969084
223.896	0.21753170053112947	0.029801672541899187	0.4602730335898575	6.51824480709986e-05	-0.0004885097787412689
223.936	0.2175308357209107	0.02980034878892334	0.4602671843775478	0.0001637234597385578	-0.0011834414974882257
223.976	0.21752835323814615	0.029801418989250227	0.46026682520163176	4.252919831044261e-05	-0.0009821606711107526
224.016	0.2175290017687751	0.029797096167208527	0.46026216944816223	0.0002281609291160188	-0.001642957485281917
224.056	0.2175253590262265	0.02980097616231771	0.46025640469991647	0.0001555491201464201	-0.0014416781098970247
224.096	0.21752478527911134	0.029797934950285643	0.4602605707559501	0.00022261581886267294	-0.0014662488131862222
224.136	0.2175245170507321	0.029796117679174606	0.46025330355880134	2.7518942980299995e-05	0.00018925197200984098
224.18	0.21752248066063845	0.029795337663725524	0.46025588118003624	9.80330691217014e-05	-0.0012636266905102131
224.224	0.2175225539911919	0.02979155645622682	0.4602530749951493	0.00024527780292214903	-0.0010644752005512475
224.268	0.21751837290373283	0.029793953773180944	0.4602562094817123	0.0001514237342498605	-0.0012933451284885278
224.316	0.2175175111300462	0.029791859728622912	0.46025830890265995	0.00020217865594060615	-0.0020123338217657386
224.364	0.2175160918239373	0.029790797719605248	0.46024942969357824	0.00025165596016355884	-0.0020129085033600957
224.408	0.2175155376641707	0.029786980695639634	0.46025492418903746	-3.0043183926245785e-05	-0.00023002147422715983
224.456	0.21751512241043353	0.029785519104799763	0.46024838976013743	0.00018862065056070597	-0.001207663168679739
224.456	0.2175121145840944	0.029785929219615308	0.46025305527743515	6.301874935298488e-05	-0.0006824201037994027
224.501	0.21751288534871477	0.029781321982937918	0.4602484628719751	-0.00042492128279603695	0.002712614906605712
224.536	0.2175089728745751	0.02978429147121248	0.46024685762525613	-0.00013674515656828955	0.0002814125421985347
224.58	0.21750844975051675	0.02978091235103669	0.46024884599735555	-0.00016344692390685508	0.0004162204578159978
224.624	0.2175071954307856	0.029779761653964867	0.4602445757962721	3.650790007176763e-05	-0.0005183414462696547
224.668	0.2175054987074221	0.029778881399053506	0.46024835298145406	7.265882654181726e-05	-0.0007710380619756107
224.712	0.21750571485686543	0.02977534256084548	0.4602429613249098	-9.842744437083858e-06	-0.00010065504758143948
224.756	0.21750286121652285	0.029777442782531766	0.4602428245039558	-9.461360783538787e-05	-5.486891076588811e-05
224.8	0.21750242110782259	0.029774890934211606	0.4602465173140756	-0.00020117545652904978	0.0009855105866768189
224.844	0.21750077991024902	0.02977465118702423	0.460239554337016	-0.00015074819633320582	0.000464527981906033
224.888	0.2174998145939825	0.02977237441320978	0.4602411251767766	-0.00021243716836417007	0.0007636658454910694
224.932	0.2174986893660745	0.029769795782450027	0.4602401530920132	0.00016448110713437322	-0.001081662018550294
224.976	0.21749568028617217	0.02977077401121683	0.4602428167851138	-8.271313407588336e-05	-4.563935489749755e-05
224.976	0.21749638393897058	0.029768091393239344	0.46023689782224514	-0.000391515602072426	0.002540622659851105
225.02	0.2174934890964194	0.029769473608128542	0.46023448209822543	-0.0003470544099312335	0.0013384904933728804
225.056	0.21749294334363367	0.02976705043766276	0.4602363681188735	-0.0003705289213525566	0.0012613931588654384
225.096	0.21749200550669606	0.02976476802308537	0.4602335688619269	-0.00011417883098496829	0.00020392988358842835
225.144	0.21748972204887734	0.02976413842877053	0.4602370571481543	-0.00019941762652064213	0.0007714012032080694
225.192	0.2174899275812131	0.029759730824648736	0.46023470738979727	2.699912354885665e-05	-0.0001410706166550829
225.24	0.21748650049456297	0.02976315642267857	0.46023298878206015	1.3672153134370013e-05	-0.0007197569407831579
225.284	0.21748622843143664	0.029760925787411602	0.4602346336293121	3.907331856131163e-05	-0.001048028261719361
225.332	0.2174848959163486	0.029760995737891083	0.46022513713264107	4.003655211507847e-05	-0.000984980858863322
225.38	0.21748397914189654	0.02975969031216951	0.4602263032779268	0.0001893189055960259	-0.0017893265017052662
225.38	0.21748395482972704	0.02975715693472971	0.4602210727489113	1.351584971338442e-05	0.00038089447484337323
225.427	0.21748062901947404	0.02975777072392473	0.4602239938555802	0.00010096842526221052	-0.00035522712827917445
225.456	0.21748090322703728	0.02975334950522244	0.4602185693838321	-7.512443249679896e-05	-0.0002967464561732723
225.499	0.21747752214218435	0.02975640979960217	0.4602182095307265	4.8428323983204635e-06	0.00022548624585435443
225.544	0.21747691937193386	0.02975412064655734	0.46021657327552057	-9.45336845516676e-05	-0.0011364742669388796
225.588	0.21747598028544207	0.029752338463832337	0.46021168495434567	0.000206492766381217	-0.0010626581489830765
225.636	0.21747489593083025	0.029750715252259106	0.46021740717849113	-2.919613205174769e-05	0.0005472021957708004
225.683	0.2174745042930742	0.029747383191894065	0.4602144765051499	-0.00017230056932834113	0.0012124319066322078
225.727	0.21747010416590198	0.0297488151804204	0.46022138185131883	-0.00034406082360103506	0.0012801332392751977
225.771	0.21747006976314126	0.02974649317580087	0.46021983552814183	-0.00024697909153894654	0.0015650098412049891
225.819	0.21746834678958205	0.02974656631941555	0.4602142194446866	-0.0003169912383859081	0.0012192648396180668
225.819	0.21746792388334185	0.029744325501430097	0.4602130969494269	-0.00022506871536400824	0.0010414544108235135
225.867	0.21746770722924944	0.029742389807033004	0.4602053079243088	-6.698908798830773e-05	0.0008289800882118654
225.896	0.21746491464760132	0.02974212746880705	0.4602150557259243	-0.0002824277476340709	0.0012784496545122281
225.939	0.2174654781378993	0.029738239985040067	0.4602114140647215	-0.0001929144421652863	0.001830607706983166
225.983	0.21746193264156694	0.02974159151508874	0.4602057882790501	-4.7259016412665676e-05	0.0004867635257323551
226.027	0.2174611325889696	0.029738096935946437	0.4602114736820063	-0.00020838188695045	0.000800426933900717
226.075	0.21746034698710415	0.02973698095055013	0.46020108250906583	8.621755482801799e-05	-0.0004588840911176053
226.122	0.21745903162235358	0.029736210313918956	0.46020587371400395	4.1283426840125925e-05	0.00010824900026255789
226.171	0.21745899998161744	0.02973142105141581	0.4602098426782196	-0.0002995923979523847	0.001711000421953702
226.219	0.21745534341119394	0.02973328640805197	0.46021338136154216	-0.0003757125823305176	0.0013881763990435435
226.219	0.2174552158116515	0.029729816565714644	0.46021184685302113	-0.0003396827152702335	0.0018655677379804648
226.267	0.21745315292918932	0.029732032148269485	0.4602011951218559	-7.666069273327909e-05	0.0007184657526355194
226.296	0.21745246396864396	0.02972831544490935	0.46020862723865236	-0.00022012982711415826	0.001370473512123063
226.338	0.21745188451724287	0.02972622784638538	0.46020621625840513	-0.00032619398307617516	0.0016395058298011161
226.383	0.2174499505299421	0.02972816837592313	0.4602024903134246	-5.0082220794967866e-05	0.00045678377222322064
226.431	0.21745035904959842	0.02972324327246311	0.46020392566069007	-0.00022364780629821742	0.001361560575143644
226.475	0.21744655530816132	0.029727722668822842	0.46019842503936187	4.8991964418675066e-05	7.014574118634228e-05
226.519	0.21744540233316706	0.02972362665023946	0.4602057491111572	-0.00022626780123871708	0.0007994547372669938
226.563	0.2174449972927374	0.02972214215723668	0.46019491135119456	0.0001774056638891526	-0.000535907231868734
226.607	0.2174432411219527	0.029722013156905983	0.46019947799243693	-8.425572057777533e-05	0.0005408531208322198
226.651	0.21744368000122427	0.02971797294365724	0.46019476837762213	-7.907371490681264e-05	0.0010371679037244697
226.695	0.2174400913367172	0.029721186310480964	0.46019369970689966	-3.816579232736485e-05	0.00042582993725146266
226.738	0.21743930068814177	0.029718258075712337	0.46019829958392255	-1.1932626608615127e-05	0.0007503804555530547
226.738	0.21743749465089782	0.029716852705795292	0.4601951955132288	-0.0002977288028810418	0.001211553047698947
226.782	0.217436326259558	0.02971461441092887	0.4601979036349136	-0.00034437030155055556	0.0014442696728764303
226.816	0.21743570364569698	0.029710699000574693	0.4601981111782851	-0.0002009292583567699	0.0009412120282284883
226.858	0.21743268594722676	0.029712997635183383	0.4602004514406703	-8.643562794091186e-05	-9.876329130032646e-05
226.902	0.2174326233831051	0.029710185124242915	0.4602017528321762	-6.775055747930147e-05	-0.00012835321409570042
226.946	0.2174305477757637	0.029711759309466935	0.46019225853793455	0.00022604051760038405	-0.0016814642471937678
226.99	0.21742953017724895	0.029709797457575245	0.4601931426862799	0.00010565787683449303	-0.0017252809976134624
227.034	0.21742946743162994	0.029707545422693257	0.46018520243563343	0.0001713460247220894	-0.00044851119606349244
227.079	0.21742716867709458	0.029707522157605647	0.4601884490081093	7.196955825547585e-05	-0.0012476378738629386
227.123	0.21742800016816477	0.029703400759120924	0.46018422842771173	0.0002290479605411874	-0.0016058280702581956
227.171	0.2174239851908732	0.02970672997083411	0.46018559792866937	0.00015903326449690855	-0.0012741940422296885
227.218	0.21742344712266481	0.029705370414800068	0.46018495972845586	0.00019628117705512428	-0.0025919587169852647
227.218	0.2174221414991946	0.029702673441672982	0.4601800530476109	0.00019497531779403627	-0.0017041494410790546
227.262	0.21742079771028305	0.029701217327468665	0.4601819168799707	5.6187668655364e-05	-0.0009843037527251016
227.295	0.21742114764745196	0.029698330458286466	0.4601760982096187	0.00015742602783699313	-0.00025348215161396224
227.338	0.21741737478866335	0.029700918763502043	0.46017727747742515	0.0002533279961887422	-0.0013628616672148163
227.386	0.21741750069811633	0.02969772569897329	0.46017740807838403	0.00010150873758724659	-0.0013495767645893256
227.43	0.21741533746381572	0.029698022515445763	0.46017327094658017	6.342812813128072e-05	-0.0009924060160976754
227.478	0.2174145323442141	0.029695977922954874	0.46017440285324396	2.0453781879062585e-05	-0.0012986165851380878
227.526	0.21741389989386417	0.02969308085675579	0.46017239007113486	8.131937427032919e-05	5.6487927549337084e-05
227.574	0.217411629320102	0.02969353526430176	0.4601757175362347	0.00014414177652701847	-0.0005319208999561871
227.618	0.21741211682959916	0.0296889023247971	0.4601741824329333	-0.0001143702430206155	0.0010004418955429078
227.618	0.2174080229821141	0.029693651798886653	0.4601689818489932	-1.6825487683637738e-06	-0.0007647437316482564
227.662	0.21740746455250745	0.029689977510366537	0.46017335080949884	3.0339792665555137e-05	-0.0014664246970870812
227.696	0.21740681571398357	0.029688962310283937	0.4601672926088156	0.0001494887626049709	-0.0004339986316838558
227.742	0.21740576067802386	0.029686543374034657	0.4601718214588588	-0.00014511928856581532	0.0010398692685190713
227.786	0.21740462941467265	0.029683215733413083	0.4601732367021527	-0.00035264831800806764	0.0017546348082633032
227.834	0.21740217543736187	0.029684976537384472	0.460171548926792	-0.00024262337454982824	0.0011605390133163393
227.882	0.21740262670257357	0.029679712211963697	0.46017276767145326	-0.0003451351303401114	0.0018203358896206954
227.926	0.21739884036904444	0.029682816793271526	0.4601724221044947	-0.0003694413427515024	0.0014442824424365658
227.974	0.21739856452197487	0.02967957358940395	0.4601757815718525	4.204641366441092e-05	-0.0007374372567645588
228.018	0.21739744268676742	0.029678252093756154	0.4601731422552474	6.371821527989587e-05	-0.0007337440920990646
228.018	0.21739541759192071	0.029676766987114845	0.460178116578865	-9.359870069944583e-05	0.000143989959871004
228.066	0.21739550362889795	0.029673162007604465	0.4601741548573912	-5.729379142106223e-05	9.864170022802436e-05
228.096	0.21739203126356427	0.029675785527562955	0.4601743344205255	7.307411490189465e-05	-0.0007642641230862373
228.138	0.21739140584789987	0.029673571423792924	0.4601771595760382	-1.7351975203928817e-05	-5.5836912540231705e-05
228.186	0.2173905325194308	0.029672368460033148	0.4601706270911785	-3.9002035787999805e-05	-0.00033375644700805334
228.234	0.21738941776241594	0.029669691306363558	0.4601755649124943	-6.542842053782004e-06	-3.166872809991347e-05
228.278	0.21738893372993603	0.029667026054689256	0.4601709506370368	-1.9859466184555437e-05	0.0001643962449132698
228.325	0.2173859319025508	0.029669464607503526	0.46017292479134486	8.291345580814494e-05	-0.0008818823867338156
228.369	0.2173857382518371	0.029666709890281893	0.4601752923399069	0.0001010427697848721	-0.0003892828469562099
228.414	0.21738345083190228	0.0296672209301364	0.46016795351587936	3.063304766241655e-05	-0.0009776757726450763
228.457	0.2173825923599487	0.0296646304978963	0.4601729184284326	3.800788251292225e-05	-0.0009413643954251126
228.457	0.21738236975440595	0.029663574899838063	0.4601634659418709	2.3693146763664147e-05	-0.0007193501035456599
228.501	0.2173798679804102	0.02966347916774659	0.4601681032153065	0.00012766840411980007	-0.0011948279358475486
228.536	0.21738066838888936	0.029659247115161175	0.46016400039927063	9.406247824866923e-05	-0.0008749511688191479
228.577	0.2173771856367597	0.029663198516710364	0.46016314720901913	2.7616911981899546e-06	0.0002070316923943569
228.621	0.2173769156146842	0.029660316079476945	0.4601651608992631	-8.051021489844417e-05	0.00019320895632932823
228.669	0.21737524228217026	0.029658510633053622	0.4601643618973873	-0.00032592523751585585	0.0013596414453286815
228.717	0.21737370687001278	0.02965650468368133	0.46017105050438295	-0.0003677059558679745	0.0016436595667803883
228.765	0.21737398892994422	0.02965328469553004	0.46016497210422064	-0.0003579188797826149	0.0019651231571612684
228.808	0.21737102357042243	0.029654869306801383	0.4601705006387427	-0.0001258078831733029	0.00037285706036758705
228.857	0.21737156865293844	0.029649928144316252	0.4601717795524179	1.965525121843726e-06	0.0005837678999645386
228.857	0.21736846233821638	0.029653166278925263	0.460166645754505	7.526931996051068e-05	-0.000912343386180106
228.901	0.21736737659323654	0.02965119649423275	0.4601699778218821	0.0001767194580788954	-0.0019464702086678769
228.936	0.21736715883753815	0.029648329575018215	0.4601649062718949	-3.106112027535313e-05	-0.0002569655805463911
228.981	0.21736525885458197	0.029649094944701013	0.4601655119551934	0.0002088171368338204	-0.0016619885890629652
229.029	0.2173656642860109	0.029645435934772608	0.4601614784845787	0.0001739925512207203	-0.0013769161079288375
229.077	0.21736270553024944	0.029648492118620532	0.460160498085373	5.814188837132994e-05	-7.775207718783641e-05
229.121	0.2173618584235283	0.029645681306499184	0.46015959638206727	-1.2329695464890582e-05	-0.0013754879887795822
229.169	0.2173604346492053	0.02964459300034032	0.4601570149278953	0.00018968784033054898	-0.0006630702796493138
229.213	0.22084959771624751	0.032965422427417845	0.472681743639751	0.1721364798076181	0.20617660511607372
229.257	0.22608920082890693	0.03640057373125991	0.4733889646962674	0.1072784767322142	0.015323924890947421
229.257	0.23002839546680165	0.040069421026739147	0.4850290042434139	0.15248036896154407	0.3977133862546099
229.301	0.23817738107527792	0.04486263047912537	0.48405435746766984	0.3211437869220271	-0.28197253974478176
229.336	0.24893264009225902	0.050443762943510884	0.47936474184199585	0.34230159391661247	-0.2683064078231143
229.377	0.2635272616318016	0.05705458250567767	0.45880500490691145	0.36855673450188503	-0.4186074797952186
229.421	0.27514405760075333	0.06276467713345321	0.45078345387033686	0.35852237658409203	-0.3101882842362341
229.465	0.29191054747570877	0.07048071488559392	0.42032699479209457	0.4613124111043453	-0.8201453721257161
229.509	0.30958279412708894	0.07794619650979208	0.38512659376053393	0.49173335144268393	-0.925434024827282
229.553	0.3283361821497322	0.08465892353034368	0.35074039284891434	0.51258735504076	-0.7383909913201621
229.596	0.34708609166796356	0.09003248138246085	0.3294702794131394	0.461597695051948	-0.5319058633914783
229.64	0.3671495095587126	0.09588609301794163	0.3024638728005876	0.554805356172879	-0.7103767949603513
229.684	0.3866394193593184	0.1015998418349177	0.2696088965240331	0.4738962498170361	-0.8887827381910701
229.728	0.4052975739023196	0.10638837761200057	0.232380196293196	0.49875944133558575	-0.9995798623718273
229.772	0.4244881710384444	0.11058487690409301	0.1926628885346326	0.48810778152117434	-1.0001409515464206
229.815	0.44396126903564415	0.11397169910902821	0.15232605293428444	0.49632113516533627	-1.0113828788283523
229.859	0.4632913790993987	0.11656024353391893	0.1121535816433783	0.4818760092815249	-0.9990249055238826
229.859	0.4819869427174077	0.1182337010936711	0.07859713778294383	0.4492647848711104	-0.7381303329813947
229.903	0.5020317223933198	0.1191020038355013	0.049702315012456956	0.5030633891278975	-0.5661752703714336
229.935	0.5202704209291122	0.11931096000016611	0.027373083256196768	0.4511510474533601	-0.6175418794901413
229.979	0.5406743818038375	0.11943721029262373	-0.00032988804354991104	0.5499508469788666	-0.7069995730073804
230.023	0.5606451008270255	0.11913804952913008	-0.03199491843358191	0.45784476110385086	-0.8593792880448898
230.067	0.5798213011588093	0.11823105109370476	-0.07006544847950595	0.48490503097182514	-1.0144932519861087
230.111	0.5993315904642704	0.11642719139290954	-0.11054971038035774	0.5047374741775593	-1.0041292946343336
230.155	0.6188046838788482	0.113884822122093	-0.15049546571908148	0.4954897640876375	-0.9657029488377726
230.199	0.6381913057369948	0.11045400700047328	-0.18859495997827364	0.4834629359272094	-0.9271712879217268
230.243	0.6573078220317317	0.10613554205582464	-0.22312176729801747	0.4960069885349945	-0.7346397742739059
230.287	0.6752650520732051	0.1008958780172765	-0.251922155358224	0.46106497759692755	-0.7710615461018558
230.331	0.6947143532700791	0.09518156029280067	-0.28393781113517863	0.5341426792763692	-0.7865320215515421
230.375	0.7132926884700885	0.08944011108508268	-0.3169538410430802	0.45733783276480594	-0.8345719120268101
230.419	0.7317172425768425	0.0830355501706384	-0.35538946415742884	0.49163953518677656	-0.9978304018580985
230.419	0.7501497965076988	0.07575091943568359	-0.3950846434330191	0.4973480662259234	-0.9729960082828899
230.463	0.768067505611424	0.06782189441641327	-0.4348287468340141	0.48702968995605705	-0.9847345168228178
230.495	0.7856490204979066	0.05904619715290293	-0.47183069363816715	0.48726187875352645	-0.9001122142514494
230.542	0.8029281774747059	0.04918536440659632	-0.50586562701129	0.5002254404000206	-0.8176974679966343
230.591	0.8195500403871487	0.038666647585614104	-0.5404907408149752	0.49483705613649087	-0.8852927659844795
230.635	0.8365502718600886	0.027754029238097076	-0.5755024977780899	0.48515212461342705	-0.8821334700249384
230.679	0.8528878630412532	0.01674275756596104	-0.6140699202494031	0.4902503743802702	-1.0108271161065827
230.723	0.8686781856552709	0.00511327979525536	-0.6541997705673854	0.49647645110677524	-0.9837656392635923
230.767	0.8841744439696562	-0.007262601877128502	-0.6935028282995096	0.49343198120834586	-0.9844387281361816
230.811	0.899069729902305	-0.020153758510003873	-0.7328596730863087	0.49069936660349134	-0.9724861652162562
230.855	0.913194595720278	-0.033638590508055406	-0.7710431804748392	0.49113736990050083	-0.9396446705691612
230.898	0.9267370455255463	-0.04809446087550815	-0.8069052851785031	0.4936322250201993	-0.890628427459991
230.898	0.9397140121741832	-0.06292475242303285	-0.8435286348070009	0.48547311366196366	-0.8953202821219799
230.943	0.9523162069214227	-0.0777158695101395	-0.8821363490512557	0.4883144699019544	-1.0063778653823225
230.976	0.9644333742574699	-0.09305792327224195	-0.9220942693452491	0.4880158360601103	-1.0010584950440444
231.018	0.9759099230117894	-0.1088405673919098	-0.9621465752178241	0.4878471096350353	-1.0003877996082158
231.062	0.9867351483350383	-0.12505794733090453	-1.0021806680654783	0.484835080315819	-0.9987022271567554
231.106	0.996966021545591	-0.14185847125414808	-1.0420740658158214	0.49532143524015804	-0.9738756412295458
231.15	1.0063881762379465	-0.15915668278755488	-1.0793239775152268	0.48936507556575465	-0.8803830127688791
231.194	1.014995270973334	-0.17677441005983874	-1.1163040124372619	0.48550003924675494	-0.9443406812203542
231.238	1.0231096184514463	-0.19424966185404718	-1.1535689056798604	0.48650922801433794	-1.0073797755532066
231.282	1.0307329552423306	-0.21230132951758307	-1.1937967090507813	0.4886810052499492	-1.0002196369119059
231.326	1.0375608663177733	-0.23060056291852135	-1.2338210717993954	0.4884332297864037	-0.998678024957053
231.37	1.0436487753573234	-0.24915442039981583	-1.2738442739137108	0.48812425231776513	-1.0007806628544005
231.414	1.0489945207851565	-0.2680560983608228	-1.31352751114387	0.49373732139527426	-0.9674620052596746
231.458	1.0535799102212495	-0.2871185375774492	-1.3511502637436672	0.4960008253340669	-0.9304472614627728
231.458	1.0573339819417549	-0.3055061085452538	-1.3858740260144335	0.4673619166079701	-0.8873637647779832
231.502	1.0605418967241125	-0.32472913400247405	-1.4239099787886318	0.48790288702875695	-0.9408038250931262
231.536	1.0630658710284837	-0.3441779537331011	-1.4625819996256744	0.4898089873857241	-1.0034721523935002
231.578	1.0648200869280589	-0.36387552920569377	-1.5034945976300187	0.49375029073251414	-1.0250486559991376
231.622	1.0657248908637857	-0.38354198133763784	-1.544132887884214	0.49482329842163936	-0.9922427562738443
231.666	1.0658607023469937	-0.40305949117263434	-1.5827768160492843	0.4848478525478468	-0.9514826703994358
231.71	1.0652416300074365	-0.4224178073331769	-1.6212473318973648	0.4835355930181906	-0.9706331901655044
231.754	1.0638398280094352	-0.441749892844778	-1.6601535725990468	0.48613447191839887	-0.9804350141428672
231.798	1.0616612557376526	-0.4611779107082452	-1.6991146334665617	0.4940586459528363	-0.9685591627854814
231.842	1.0586904063287694	-0.48071816200687845	-1.7378183780313994	0.4908144151927315	-0.9555796382900199
231.886	1.0549780210754205	-0.5001739323546626	-1.7765969650925795	0.49121858963658216	-0.9517209975767915
231.93	1.050461488038651	-0.519398235838816	-1.8152872289027424	0.49692534995335524	-0.9587457483884384
231.974	1.0452703147378848	-0.5383138387125105	-1.8537305304220468	0.4877675579749122	-0.9631557398365929
232.018	1.039394407895661	-0.5568300075748298	-1.8927781287077896	0.4843246755121955	-0.9746603065108106
232.018	1.0327644194481622	-0.5751262131572846	-1.9317701923464534	0.4865589969865578	-0.969352264612098
232.062	1.0253670484552357	-0.5932383223976828	-1.9701770431622785	0.49361755556808073	-0.9528041607824275
232.096	1.017214800199671	-0.6112159934395598	-2.0082069048636795	0.4910436368509237	-0.9409420992959227
232.138	1.0084378054068737	-0.6289833769855107	-2.04649144932169	0.4930254396987311	-0.9665298769270755
232.186	0.9990294888865489	-0.6461806415910232	-2.0846692845691153	0.4845297274554621	-0.976967794500008
232.23	0.9890557236245178	-0.6628167542687244	-2.1237910096298878	0.4852574811183671	-0.9752957204167836
232.274	0.9784192802534125	-0.6790657268509822	-2.162837700909225	0.4888022620884162	-0.976344428634311
232.318	0.9670885892676088	-0.6949799014230867	-2.2015428015708456	0.4898700478714991	-0.952869671544103
232.361	0.9550565431468477	-0.7107678748726922	-2.240584295348185	0.5003628611833439	-0.9813218746615003
232.405	0.9423826331505785	-0.7261245568037655	-2.2801920068233064	0.492524392423218	-0.9878199389160873
232.449	0.9293119169084134	-0.7405781526277537	-2.3194548487707904	0.48534194772333594	-0.9778195045113169
232.493	0.915713795576556	-0.754457630073574	-2.3586942093969783	0.48811675333513893	-0.9786606272767601
232.537	0.9014989801947043	-0.7679165612540302	-2.398193870959926	0.49123375586515405	-0.9995580046023415
232.537	0.8867913183067488	-0.7809078656356995	-2.438672648023623	0.4936632473981863	-1.0346748354111237
232.581	0.8716520656738691	-0.7932256291006732	-2.479009751443636	0.483831956126371	-0.9925479054444024
232.615	0.8559792067612247	-0.8049036204937077	-2.51887580921633	0.48394400030733836	-0.9743194959797418
232.658	0.8398797490843237	-0.8159151604887656	-2.557889287741806	0.49149915839268365	-0.9683428914374688
232.702	0.8233638771637593	-0.8263074022105047	-2.596903509245019	0.4869656598261769	-0.975000243120679
232.746	0.8064374400797805	-0.8361329021067881	-2.637322836615719	0.49138906368565677	-1.0223030615181363
232.79	0.7890250579717736	-0.8452795769079263	-2.6782843094937556	0.4920525671711195	-1.0254827304626477
232.833	0.7713012087808816	-0.8536643449589852	-2.7190582838103996	0.49008969633409355	-1.010952584684189
232.877	0.7532743952194476	-0.8613747383473779	-2.758702233589545	0.48564095829456233	-0.9700291138897146
232.921	0.7350798514399411	-0.8682317551928505	-2.797365034853486	0.48525047143324074	-0.9716961525131995
232.965	0.7166846196461438	-0.8744201194836241	-2.83594504170029	0.4841510155537427	-0.9717557662752078
233.009	0.6980279566178225	-0.8799541457471513	-2.875364577294652	0.4852070128243827	-0.9836435257037547
233.053	0.6791247125610121	-0.8847678618870202	-2.9148833908451115	0.4938134564141654	-0.9922517529550303
233.097	0.6600159268034141	-0.8887921442083772	-2.954371151770277	0.48372509273501535	-0.9770070308136327
233.097	0.6409047009491522	-0.8920522174821999	-2.9934766867104234	0.48449265710040046	-0.9760343510118507
233.141	0.6217532133307866	-0.8945284821054108	-3.032222984465366	0.48220159638382065	-0.9684704396240278
233.176	0.6025150870582694	-0.896255007500461	-3.071048788106478	0.4854603769499102	-0.9829272982197013
233.217	0.5832494053508351	-0.897264855049104	-3.1096206265472146	0.4814367309884888	-0.9585490527718392
233.261	0.5639555357612556	-0.8975123458750325	3.1350144274283562	0.48374101200762093	-0.9696620903533641
233.305	0.5446067289200154	-0.8969902123653859	3.096180337564212	0.4821913011872833	-0.9624263910814613
233.349	0.5251476986576294	-0.8957025545611992	3.0577263555493235	0.49124156172820416	-0.9667788794874924
233.393	0.5057291963984358	-0.8936536812302202	3.019158983995277	0.48610767197265725	-0.9710210398761178
233.437	0.48648984661043587	-0.8908195729610359	2.9802211045346376	0.4916844416834053	-0.9766046515657322
233.481	0.46727444384934175	-0.8872152292959747	2.9412258013844252	0.48807463620905517	-0.9692240814236173
233.525	0.4482116822899985	-0.8828371754967634	2.9024662538008643	0.4848422712667978	-0.9613910960597875
233.569	0.42913253468779017	-0.8776838514961722	2.863907586415381	0.4939929311135466	-0.9364968878070984
233.613	0.41028631477992494	-0.8717479983429621	2.8257109187049005	0.4949632688058044	-0.9570534399927149
233.657	0.3917624732103927	-0.8651336162272896	2.7876716982668164	0.4898262389312391	-0.9487487379528482
233.657	0.3736509634210117	-0.8579158835684315	2.7491545205122643	0.48591466345731094	-0.9633362804336071
233.701	0.3558017253397942	-0.8499511917714123	2.7105858849992392	0.48843535802066035	-0.9625781071225711
233.736	0.33825862676905927	-0.841331315573262	2.6723366183728543	0.48741791624232866	-0.9552737209374054
233.777	0.3210648105812832	-0.8320440895022054	2.633979534098068	0.49021855122012403	-0.949662447270708
233.825	0.30403081387087877	-0.8220554156536637	2.59553810644549	0.4969463687869163	-0.9646133294827649
233.868	0.2872881556967041	-0.8113833497325599	2.55657236322231	0.49243679390157963	-0.9788305189330538
233.912	0.2713077878417748	-0.800172236885929	2.5178788102752883	0.4873160852918085	-0.9681311219368898
233.957	0.25584843500359317	-0.7884288273381614	2.478773176914063	0.49035097596177823	-0.9910060561994102
234.0	0.24071489373202887	-0.7760175404186922	2.4398632835826275	0.48772005320178735	-0.9702019908689794
234.044	0.2259277705026631	-0.7630374506701875	2.4003247289820853	0.48673543548080245	-0.9935268689877709
234.088	0.21188164345828908	-0.7496521493930939	2.3603886347165126	0.4851362750468097	-1.0013230847494166
234.132	0.19838532934127384	-0.7357088213792862	2.3210032567228636	0.48176675648037415	-0.9815065391820454
234.176	0.1854841017852451	-0.7211129320249747	2.281959069863746	0.48820840687048206	-0.9587511593460328
234.176	0.17316547390122738	-0.7060865628553146	2.2430712865920825	0.48611581762247447	-0.977897941064046
234.22	0.16138278918452986	-0.6905076177850255	2.203618542619819	0.4922216839729732	-1.0052320680954974
234.256	0.1501633202646112	-0.6745815296510168	2.1639595320272584	0.4893785693579318	-0.9834417232323226
234.3	0.1395772496858729	-0.6581838232157343	2.1244375987356174	0.4892650474799763	-0.976141477062259
234.344	0.1296683540052474	-0.6413803862766709	2.0854085392194173	0.4963861210886278	-0.9789321687734914
234.388	0.1204157495351011	-0.6241837638583931	2.046835991644472	0.4861342719404847	-0.9714588813598664
234.432	0.11191267825753226	-0.606742453216681	2.0081084408702914	0.48591476816946133	-0.9684087104458677
234.476	0.10399866174652947	-0.5889396761112785	1.9689661485528265	0.48771528883917054	-1.0030099129465706
234.52	0.09673369901503812	-0.5708587654011839	1.9292452192761318	0.49009092559460743	-1.0080456379967788
234.564	0.09018014310883582	-0.5523703754874781	1.8889146356441382	0.49164716878044934	-1.0144548578407657
234.608	0.08442169105195052	-0.53368930072589	1.8487623461723273	0.4859164976198433	-0.965737797505901
234.652	0.07941468389129458	-0.5149352100099721	1.8096895191702758	0.4847621945595048	-0.9816069451265657
234.696	0.07520131444557429	-0.4960657630427954	1.7707633155725575	0.4833641945911008	-0.9727798973950855
234.696	0.07170080009395155	-0.47703079990346775	1.7317747047430847	0.4849578166665991	-0.9817105610709158
234.74	0.0689404072386466	-0.4578310670039183	1.692638256079363	0.4844509343994093	-0.9724359795119635
234.776	0.06693355225302972	-0.4385684288573287	1.6536604455331199	0.4832179907558425	-0.970756631480961
234.816	0.06568885970831337	-0.4192828665986185	1.6148790782286606	0.48335914790645745	-0.9690993362159354
234.86	0.06520750579882231	-0.3999556894118852	1.576207453654211	0.4827685558544671	-0.9707776765345071
234.904	0.06548658085719072	-0.38066318104088964	1.5374500844531045	0.48376547425313937	-0.9704301747672214
234.948	0.06653288906631478	-0.3613398791830724	1.4985130279022947	0.48657542171148216	-0.9726475691081305
234.992	0.06836856777238781	-0.34189996793060884	1.459720093980778	0.48993652289590733	-0.9692482530443928
235.036	0.07097642212516866	-0.32249151444717783	1.4209376516732055	0.4886765778931934	-0.9729753065494695
235.08	0.07436169178810886	-0.30311693940685747	1.3818122081604463	0.48886715147350696	-0.9659530968584169
235.124	0.07852736440788542	-0.28388752104060255	1.3428903269913586	0.4929969520567495	-0.9893186229364833
235.168	0.0834370627450958	-0.26485203237465915	1.304194522863772	0.49321313493584756	-0.9711920660654363
235.211	0.08905969086277019	-0.24609104053559028	1.2657106720202445	0.48969172069418665	-0.9550873369285731
235.255	0.09543794743409842	-0.22752250078738254	1.2269944984464698	0.48949041834137463	-0.9701778343610852
235.3	0.10251799558640207	-0.2092498830036028	1.1882589319235828	0.492078438429992	-0.9515061986980717
235.3	0.1102817733167036	-0.19129926003453845	1.1498066253130423	0.4893574298645628	-0.948640392364935
235.343	0.11877036822411216	-0.17359278638216374	1.1113435816181243	0.4880099448225895	-0.9576846060106102
235.376	0.12793868691469218	-0.15623262257967718	1.0731515392445552	0.4902802724923148	-0.9552619569371892
235.419	0.13771297611637492	-0.13929788392318065	1.034858451669269	0.4887558425584987	-0.9686813692994487
235.463	0.14818842783506372	-0.12256280601541045	0.996389376814929	0.49498455552043086	-0.9482695975183043
235.507	0.1592990897206838	-0.1063180847984437	0.9582047648089981	0.4863002267034774	-0.9585785316158661
235.551	0.17091807945612508	-0.09071518859852001	0.9193923361888732	0.4842752009472509	-0.9772925781571928
235.595	0.18310216228167658	-0.07559427469761587	0.8802971947055002	0.48560170932430996	-0.9725910676652162
235.639	0.19595282278386114	-0.06078814014614717	0.8410380093242548	0.49185224689454476	-1.0036816191184155
235.683	0.20929105638014245	-0.04644009422657763	0.8007122582611681	0.48475478539501965	-0.9919056240882472
235.727	0.22315969545627717	-0.0327209513422308	0.7604854584495657	0.49566253815747885	-1.012374214259828
235.771	0.2376036239516211	-0.01960963565510014	0.7209251091663702	0.48492522938816673	-0.9701525737428212
235.815	0.2526066298584751	-0.007183445583175255	0.6821829491617621	0.4860259961220282	-0.9531311274875469
235.859	0.2680852861558864	0.004774819708281322	0.6430686021369388	0.48406636313417245	-0.9791503982474837
235.859	0.28400055434710403	0.016205335700751278	0.6031723618768577	0.4847907200500444	-0.9951771820083164
235.903	0.30031649715051384	0.02694390179946532	0.5627628153085728	0.49218424075479583	-1.0277451665946356
235.935	0.317053547369919	0.037029858783747205	0.5224454433378345	0.4920523730495927	-1.007703294014111
235.979	0.33431766690202036	0.04651791736588358	0.4828876488305391	0.4899415808408199	-0.960457674243236
236.023	0.35173947591959365	0.055188575766746774	0.44406022669083395	0.4859158716336887	-0.9611686267486244
236.067	0.369587564985101	0.06313850051808378	0.4060326076165892	0.48493860229656205	-0.9639694041239704
236.111	0.38762260111816477	0.07048564519200155	0.36700522127865454	0.4878840419146714	-0.9917618373892205
236.155	0.40605301274524797	0.07719664947165161	0.3265830040534201	0.49095591584268367	-1.0161733152569596
236.198	0.4248222552208405	0.08313127655235927	0.28578214704957144	0.4902839455026998	-1.0131237478473487
236.242	0.44375800351038575	0.08829021561110964	0.2455409757696355	0.484870662450539	-0.9818994106089388
236.286	0.4626607741340087	0.09263206169684991	0.20668489526912345	0.48393342356466	-0.9651646607479477
236.33	0.4816715728354589	0.09622014563754838	0.16802445970351493	0.4842941399294204	-0.9552269788885603
236.374	0.5008276486318579	0.09910871278700213	0.12910039151411218	0.4849389355221334	-0.974157316885508
236.418	0.5200581039486379	0.10125225382659343	0.09017567615669653	0.48297868366330066	-0.9697206672851858
236.418	0.5394008911846836	0.10265222030141839	0.051354455340199286	0.48491163179673047	-0.9607813140142363
236.462	0.558756683017812	0.10324969948349884	0.01277030860335201	0.4818731736773055	-0.9656842912104635
236.495	0.5780924191471738	0.1031183957371936	-0.025922855090392286	0.48359494206337156	-0.9690107816198674
236.538	0.5974496873897243	0.10221713527840605	-0.064581036681868	0.4835708499178752	-0.9666509907093019
236.582	0.6168424047241178	0.10054294964454677	-0.10333449907776049	0.48691480216031713	-0.9774899631410352
236.626	0.6362457209942218	0.09807454817328962	-0.14215655913261147	0.488435034397929	-0.9713680070262297
236.67	0.6556048037871506	0.09482510683835704	-0.18083807608522096	0.49446909749314955	-0.9769374534306547
236.714	0.674888632293556	0.09080261604975302	-0.21947328101686653	0.4912641081210304	-0.9547646107347604
236.758	0.6940044678107729	0.08602729602954974	-0.2579233130733035	0.4935262061486614	-0.9683904681345816
236.802	0.7128353807490889	0.0805309348605393	-0.296362268871614	0.4881694437697303	-0.9659905699811645
236.846	0.7313692561155214	0.0743523400604893	-0.3349401973561891	0.48664274583088013	-0.965325165960703
236.889	0.7496920420512093	0.06744980065491776	-0.3735199279155346	0.4874946603738395	-0.960278360388486
236.934	0.7677144782481917	0.059833044365139115	-0.41178387721462456	0.48865224552276265	-0.9612618614198151
236.978	0.7854318168560788	0.051535208497254154	-0.44994879140678046	0.48999425140890734	-0.9526817242296491
236.978	0.8029402329450367	0.042554427708146936	-0.48814494463676444	0.4997656570773058	-0.9890029652153983
237.022	0.8201551791661287	0.03292574944239842	-0.5265350531490962	0.4905865732283625	-0.956252301825663
237.056	0.8366984830819808	0.02265364454968216	-0.5650898853437311	0.485829129840906	-0.9673079527648218
237.098	0.8528233819462454	0.011803660857170134	-0.6039383606587811	0.4867441870002433	-0.9791645985017736
237.142	0.8685929065780571	0.0002979228718440752	-0.6426018218516338	0.4907066030224454	-0.9533395190343418
237.186	0.8841901675321218	-0.011848978404723057	-0.6812843417363399	0.49215307134810027	-0.9501424791170094
237.23	0.8993082606180899	-0.024618632187639128	-0.7205660625961368	0.4928906523495955	-0.9795244861815954
237.274	0.9136736351083137	-0.03785696010789611	-0.7598573912563651	0.4834264298658594	-0.985141776179958
237.318	0.9273750746342726	-0.05156852539655639	-0.7990138847239542	0.4842840334525569	-0.9717075046312075
237.362	0.9405935271810167	-0.06586357277291457	-0.8383046136990292	0.4856037692808486	-0.9817119757750736
237.406	0.9534120055959058	-0.08069820283147122	-0.8787042186285059	0.4869694748125254	-1.0121424448062404
237.45	0.9655069617426026	-0.09592410288482406	-0.9189002133489633	0.49450495853148324	-1.047222151004973
237.494	0.9769726291784772	-0.111686781239205	-0.958728126703879	0.4887541878353416	-0.9798547946115432
237.538	0.9878304935093893	-0.1279034410119597	-0.9979751192498543	0.48946922893706185	-0.9839399271083159
237.538	0.9980564430978653	-0.144499194255937	-1.0374061036058801	0.4852939844551166	-0.9954635180104868
237.581	1.0076848298961618	-0.16154902358439394	-1.0778516888425205	0.49250224310437646	-1.0266329757303143
237.616	1.0166368486271224	-0.1790486561311963	-1.118630005176761	0.49210505960290485	-1.0232040561748132
237.658	1.0248354505997606	-0.19686085457910996	-1.1591287447447811	0.4869570073030271	-0.9920371682042723
237.702	1.0322906147405715	-0.2148434712811801	-1.1986053944128323	0.4847834469694118	-0.9676253623908542
237.749	1.038949137952993	-0.23304159036568214	-1.2375064205066442	0.48251391209221595	-0.9767010034414866
237.793	1.0449792335381076	-0.25153226120146965	-1.2765117463622493	0.4874523453101574	-0.9956260008410854
237.841	1.050311905428206	-0.27027067771975327	-1.3161724255436338	0.48590776102335337	-0.9874123509084136
237.885	1.054893511392914	-0.2891875510983617	-1.3556502409369815	0.48913091347810256	-0.9919140364508205
237.929	1.05869678684769	-0.30822120883533916	-1.3948999801461748	0.4850546028329626	-0.9852759673047794
237.973	1.0617365683431004	-0.3273376832926065	-1.4339646510960455	0.48416099429193893	-0.9758708294505366
238.017	1.0640123980927578	-0.34654358978303285	-1.4729694681718382	0.48618095416728063	-0.9860457833173785
238.017	1.0655566601854336	-0.3657905318171711	-1.5117835475316668	0.4825635457224014	-0.9690352113551608
238.061	1.0663263772182467	-0.3851464139622679	-1.5503234800650396	0.48494796609524177	-0.9614375437825736
238.096	1.0663425978489949	-0.40444654715812545	-1.5888839751187545	0.4835639265830245	-0.9707431625547673
238.137	1.0655984406620005	-0.4238018321152914	-1.6274954337850964	0.4885173889549028	-0.9553229965658172
238.181	1.0640842750008352	-0.4433062925215926	-1.6658568049448839	0.4880926594051367	-0.9669954689621848
238.225	1.0618072364808921	-0.46267384595367883	-1.7046119997969822	0.48733029519349214	-0.9730264948116792
238.269	1.058740130805993	-0.48192986363546675	-1.7437085944332078	0.48738295535144804	-0.9829957630361664
238.313	1.054922447437252	-0.5011259939326054	-1.7827252611534707	0.49024369386311006	-0.9782094106510362
238.357	1.0503098595704523	-0.5202813971705612	-1.8213862712844413	0.4925146408849827	-0.9582655236286759
238.401	1.0449187043614594	-0.5392911618895384	-1.8598006206595095	0.4936168678643188	-0.9460547484036398
238.445	1.0388378863667391	-0.5579721408256559	-1.897964314148797	0.4883750068158904	-0.9550265439391559
238.489	1.0320833720449916	-0.5762912627933046	-1.9364686731515048	0.48748706167313755	-0.9646656591004806
238.533	1.024616476392053	-0.5943777271473746	-1.974953745732534	0.48916921116554934	-0.9640585809348398
238.581	1.0164641049642125	-0.6121383071704949	-2.0134473688703864	0.4881072164847676	-0.9699046403583519
238.581	1.007575292163026	-0.6297005446019794	-2.05169635965439	0.5026972394819988	-0.9611649494158645
238.625	0.9980423083611177	-0.6470029028871801	-2.0898220241532313	0.49220416510560494	-0.9439908917596725
238.656	0.9879248676144834	-0.6636476413284125	-2.128572780589764	0.48507295004660117	-0.9779104824760232
238.697	0.9771913889150187	-0.6798659939320805	-2.167535490057666	0.4859089867012828	-0.9778533845802069
238.741	0.9657963523650964	-0.6957163554238428	-2.206183420549947	0.49413951879840723	-0.9704411166217035
238.785	0.9537027541024868	-0.7113748928700164	-2.245205946856004	0.4931932909314214	-0.9837847068447239
238.829	0.9409938046955547	-0.7266396137481045	-2.284530596855178	0.49434654722674354	-0.9834214623928625
238.873	0.9278397371023224	-0.7410782437974316	-2.3236288956282287	0.4850257488867121	-0.979409930756557
238.917	0.9141716608980524	-0.754911587317604	-2.362803498102524	0.48676324339836236	-0.9779582518257225
238.96	0.8999173145687224	-0.7683043753064281	-2.402172917924141	0.49366777653855454	-0.9914014099797994
239.004	0.8851682735849612	-0.7812258800517806	-2.442401861568668	0.49452825678277856	-1.0267762213003875
239.048	0.869919381684075	-0.7935152142487663	-2.482921035704807	0.49128101166310223	-1.0328907837956596
239.092	0.8541728883838668	-0.805151746708475	-2.5227962071655363	0.49133969704215397	-0.9776356018771892
239.136	0.8380409277491038	-0.8160962648382125	-2.5617786059886463	0.4869722680087175	-0.9582844476770249
239.136	0.8214839316032525	-0.8264566399735559	-2.601031098213105	0.4872024981115396	-0.9991473239170955
239.18	0.8045213059834131	-0.8362451036976065	-2.640642894759979	0.49012327186030297	-0.9838666914103613
239.216	0.7871756315871729	-0.8453104992450536	-2.6797764631213425	0.48520118715808075	-0.9926370526248178
239.256	0.7695595768853838	-0.8536259434741318	-2.718841625821599	0.48491005566338474	-0.9712754587575821
239.3	0.7515909267493812	-0.8612925532079324	-2.757450634137964	0.487525225935425	-0.9599254082473672
239.344	0.7334178508030638	-0.8681721563529914	-2.796108583821305	0.4837616566963314	-0.9788615703241763
239.388	0.7149731304277057	-0.8744503060858069	-2.834728655816114	0.4848807744101525	-0.9923813645672086
239.436	0.6963313619742468	-0.8800276862137807	-2.874197083752817	0.48640694877997553	-0.9835994552587795
239.48	0.6775491782752744	-0.8848242269630427	-2.9133887336421274	0.48373574870969704	-0.9772638462968004
239.524	0.6586012345219289	-0.8888841586495386	-2.952499883976016	0.48448830924129005	-0.9780716190839871
239.568	0.639532206154963	-0.8921767197053478	-2.991519648008065	0.4834299745415076	-0.9683943677700727
239.612	0.6203477828431656	-0.894697205773903	-3.030455922392599	0.4833174872713189	-0.968889420976902
239.656	0.601123012029514	-0.8964602441514525	-3.069236665837491	0.4838128277225457	-0.9743707358172378
239.656	0.581829542973728	-0.8975023028330258	-3.108035150553182	0.4858300260135859	-0.9801745738298605
239.7	0.562507729257405	-0.8977807585781394	3.1364422934968634	0.4853189031624667	-0.9774839881856745
239.736	0.5431969963133402	-0.8972870664058332	3.0977516279881385	0.48136343717027386	-0.959569421895491
239.78	0.5237362395197565	-0.8960318348659778	3.059251496748631	0.488525576798592	-0.9604604758572894
239.824	0.5043391171528853	-0.8940058199421769	3.020671444918126	0.48627356588409837	-0.9676082862369436
239.868	0.48499681402092565	-0.89119923833844	2.9818014461657767	0.48809780372102474	-0.9786227790253159
239.912	0.4657580312026105	-0.8876230546032289	2.9428132035676224	0.4949131789237136	-0.9744880540799278
239.956	0.44650029175289674	-0.8832516032535969	2.9041182676271906	0.4888055773922375	-0.9638214260141559
240.0	0.4275005692686986	-0.8781502012779278	2.865560471428872	0.49071293679141054	-0.9497521620702437
240.044	0.4086919676121575	-0.8722931741206614	2.8271555865701887	0.49161569671504324	-0.9526353994577544
240.088	0.39018989892889866	-0.8657279378198913	2.7888954840836626	0.48835224731481447	-0.9580780800617811
240.132	0.37203523505706343	-0.8584975137891712	2.750559362933686	0.48848326244937806	-0.9600149152697122
240.18	0.35413060804108465	-0.8505691450549596	2.712077133474411	0.49033289075452213	-0.9613055901470713
240.18	0.336523699378625	-0.8419220407091896	2.673776731956843	0.4915032085492011	-0.9343160454708095
240.224	0.319271593289609	-0.8326289188814281	2.635648927603516	0.48783167119145326	-0.9593356326618308
240.256	0.3024217108225167	-0.8227144415174661	2.5974006306591066	0.4890897181042262	-0.9483811584339762
240.3	0.2857899880934304	-0.8121374193756385	2.559265057312375	0.4890627571438004	-0.9528984413336246
240.344	0.2696747881903449	-0.8009198647602949	2.521089485732974	0.48652143494421907	-0.9626423012662038
240.388	0.2541958873239042	-0.7891994306868937	2.482293291089753	0.48494678403391345	-0.9708301624244018
240.432	0.2391709032783167	-0.7769181209876328	2.4431525427965397	0.4850604472609168	-0.9708853097189913
240.476	0.22450614120972906	-0.7640249512182347	2.404202507496958	0.4886583015774559	-0.979707672721026
240.52	0.21029268672720225	-0.7506055907440098	2.3648495006469723	0.4867461297438669	-0.9901733454508018
240.563	0.1967185340825203	-0.7367119853911526	2.3252714802618346	0.4854350606298821	-0.9783981442607292
240.607	0.1837298895894052	-0.7221964956351548	2.2861917574582256	0.48839523333033563	-0.9739871692849047
240.651	0.1713514587322868	-0.7071498500968652	2.2473627867298136	0.484701244453297	-0.9664028452280576
240.695	0.15953724271435984	-0.6916792684026022	2.20819757475602	0.4933253844798408	-0.9904962870479042
240.74	0.14823879673857698	-0.675747190440201	2.168380723921547	0.48357590920510707	-0.9991927460219974
240.74	0.1376619069825033	-0.6595111544025111	2.128457881478532	0.48421921246935196	-0.9974858384456452
240.784	0.12766186229302237	-0.6427252992565393	2.0886733041153946	0.4922181891616363	-0.9823656623926853
240.816	0.11825973373920924	-0.6254255004604075	2.0493111907251773	0.48577848604529367	-0.9806841810990324
240.856	0.10968460016328854	-0.6079813319985554	2.010469945681863	0.48448203726495226	-0.9697913820548122
240.899	0.10178445819151669	-0.5902316260933872	1.9716293784599062	0.4882788561082304	-0.9695594528848546
240.943	0.09449276591809525	-0.5721258659843957	1.9318391333905671	0.48871118959711946	-1.0052931958059221
240.987	0.08791272004844486	-0.5536164566565337	1.8913002157487688	0.4921981518633205	-1.020657217868979
241.031	0.08210911771336478	-0.5348316135517872	1.850603959014308	0.48920916752580057	-1.0126566265409718
241.075	0.07706256085230104	-0.5160308132278716	1.8110109425500966	0.4844854793914012	-0.9731275629392772
241.119	0.07281001399531659	-0.49717384399143194	1.7721506794385922	0.4823405513656106	-0.9701192594523366
241.163	0.06929408273977752	-0.4781508881569485	1.7331931351228707	0.4842777445241106	-0.9750612907945888
241.207	0.06649755901236817	-0.45900384185281273	1.694191527742282	0.483271065578493	-0.9718133495953519
241.251	0.06445335903107308	-0.4397541961563664	1.6554464920143812	0.4833765845255008	-0.965992025541385
241.295	0.0631817373092951	-0.42043984042787497	1.6165862870551972	0.4828027254006575	-0.969892584258348
241.339	0.06266304939207071	-0.40112443015830934	1.577841244658649	0.48205890391461614	-0.966799797524544
241.339	0.06290497392935926	-0.3818419449360817	1.539156882590132	0.48276296174854744	-0.9707849235062532
241.387	0.0639177102322505	-0.362554116222039	1.5002803684018027	0.4838140893051744	-0.974271444374622
241.416	0.06571304588463611	-0.34316681736525545	1.4612859450508302	0.4875036953594939	-0.9742845682784878
241.459	0.06829587389530668	-0.3237740177022067	1.4224552134609558	0.48883755813540997	-0.9779056918445671
241.503	0.07167441207188487	-0.3043695802020125	1.3835885190810366	0.4944677364928579	-0.9778573019961826
241.551	0.07582344679250269	-0.28511890174518095	1.3449616598692293	0.48966201534140497	-0.971992533328424
241.599	0.08068573221250998	-0.26611684616934494	1.306361494696653	0.4873308708356108	-0.9641350579267004
241.647	0.08626942970405038	-0.247391004993692	1.267629502663913	0.49068828134409825	-0.9767761886165599
241.691	0.09257986279293093	-0.22882984902393855	1.2288608037933333	0.48959416523970317	-0.9708478743639647
241.735	0.09965305394598176	-0.2105063822711911	1.1902315794033171	0.489672935363832	-0.9536643777282456
241.778	0.1074253255612039	-0.19247914887074022	1.1518731082911304	0.48977990439389324	-0.951210620631574
241.778	0.11585975734737819	-0.17481139879199467	1.1136934870864754	0.4890667044653114	-0.9612653689517882
241.822	0.12495573997329634	-0.15747914074750669	1.0755270348662866	0.48902015510671365	-0.9510441531016076
241.856	0.1348254431788865	-0.14036015305078767	1.0374324800406238	0.49080707679677454	-0.9540216869224958
241.898	0.14519950472990706	-0.1237914896594171	0.9989904291092483	0.4879753834803274	-0.956991967000974
241.942	0.15619682775547497	-0.10765063757782062	0.9602452674201698	0.49064500666949007	-0.9676496941390216
241.986	0.1678422502445001	-0.09189398429876411	0.921475454367954	0.4933463385450307	-0.9508095885530803
242.03	0.18015725669047128	-0.07636882814276173	0.8829446758850062	0.4895386465654079	-0.9600551711747318
242.078	0.19294321142846654	-0.06163565008707535	0.8440987257990376	0.4870797057721207	-0.9700975109224717
242.126	0.2062888148764395	-0.0473372466161987	0.8049815293370481	0.4851456050291364	-0.9746072717198062
242.17	0.22020349263409536	-0.03353285443661275	0.7653914834116033	0.4887186001374366	-0.9995230145172525
242.214	0.23456942787415352	-0.02031899005777378	0.7254270695629409	0.488217342190328	-1.0282121420316177
242.258	0.2494398780177966	-0.007665719186302419	0.6847367170382088	0.4903302320123172	-1.0141105193121251
242.258	0.2649275742364191	0.0044089348712959	0.6450806938887076	0.4860878328631142	-0.9800743768364015
242.302	0.2808809369052215	0.01583478312914835	0.6056898750513855	0.4916797592210476	-0.97720595272653
242.336	0.2972176944659951	0.026659409187953072	0.5663963038412773	0.48991083214611775	-0.9948370888722211
242.378	0.3139613027822726	0.036866331145645234	0.5263352533374357	0.49354675151966637	-0.9852632475286012
242.422	0.3309432366941496	0.04629930435617773	0.48703966563162865	0.4869575008078652	-0.9689077680215628
242.466	0.3483755596121942	0.05508504359287304	0.44741346177768476	0.4874007597958857	-1.0051494155323286
242.51	0.36608477549826585	0.06320578816105403	0.4080120013729951	0.48636052310007405	-0.9775978743268774
242.554	0.3840802123937924	0.07055058604578805	0.36936653993684165	0.48520484983706497	-0.9643841514001203
242.598	0.4023600325957696	0.07725170375841904	0.3303659616621745	0.48800817774871036	-0.9968913063406862
242.642	0.4208548518340898	0.08324990198443932	0.2908425933372575	0.4836526589463229	-0.9804008950761971
242.686	0.4395599776658729	0.08850871369442523	0.25143182382493556	0.48381222107842586	-0.981708236383706
242.73	0.4584126739554502	0.09300050813187474	0.2122758340140535	0.4837316033033341	-0.9742338159571614
242.774	0.4774183559929205	0.09673908968365469	0.1731264105834813	0.4838947157368388	-0.974764102580061
242.818	0.4965563933756367	0.09971156355705817	0.13409323599988351	0.4836974015757016	-0.9676092556093401
242.818	0.5157366601574878	0.10192600658506726	0.09530799092340538	0.48360145450941094	-0.974032402230496
242.862	0.5349965945389784	0.10340953791951926	0.0565250848863728	0.482347503339218	-0.9659196099938596
242.896	0.5543012752503698	0.10414734354345077	0.017884811855972217	0.4843245878480846	-0.9700820652876523
242.938	0.5736007088789158	0.10411047336836286	-0.02065263600969451	0.4816751268066787	-0.9622034167001663
242.982	0.5929116468550207	0.10331754226926262	-0.05919565145689238	0.4843321928196229	-0.9681093810953862
243.026	0.6123409233316094	0.10175583385731787	-0.09766273322436844	0.4888848003274103	-0.9627985263045187
243.07	0.6317327347781574	0.0994258062650745	-0.13644922614590166	0.48585553947107857	-0.9767192816779242
243.114	0.6510280729296858	0.09630650088514624	-0.1754503976902991	0.4901866825389184	-0.9715754536318175
243.158	0.6703193314132158	0.0923964644719116	-0.2142918046947158	0.4913277407460677	-0.9505435351887613
243.201	0.689384024239713	0.08771905960737726	-0.2529213878755483	0.4863390693738116	-0.9638358122490319
243.245	0.7083457176470688	0.08230793478222441	-0.2914758532318231	0.497242409780003	-0.9877513652946107
243.289	0.7270034432882065	0.076171234748654	-0.3299249995812252	0.4875073334372075	-0.9686405922649289
243.333	0.745356522863297	0.0693536186815399	-0.36833390358168183	0.49250012507233	-0.9587189405561598
243.378	0.7634235721411073	0.06185392564099243	-0.4068483944531112	0.4882619369113345	-0.9710790111279226
243.378	0.7812359265938327	0.053638192953651395	-0.4452111028173032	0.4907595789332006	-0.9523948780439547
243.422	0.7986439506809986	0.044758603149563064	-0.48348133879171085	0.48871312784713683	-0.9729958503266567
243.456	0.8159285020797353	0.035114484110988914	-0.5214855582845558	0.4942268063053324	-0.940184257380164
243.501	0.8325603555234854	0.024958885238075212	-0.5600017386046895	0.48634311670546115	-0.9650490918099939
243.549	0.8487850847108717	0.01417992640514247	-0.5987233907319733	0.48715856551781694	-0.965271221771038
243.593	0.864599814962509	0.002773055482124781	-0.6373037551689992	0.4866086560008639	-0.9692627294090792
243.641	0.8799786739957823	-0.0092479627619729	-0.6759155052027531	0.4924998542050664	-0.9412549981187395
243.685	0.8949478373338166	-0.02185531713296203	-0.7142674609301374	0.4882796577707277	-0.9808263873996588
243.733	0.9094879352904607	-0.03501047760325326	-0.753991481349555	0.4884796044738846	-1.0129809730370944
243.777	0.9235005990418826	-0.04872993337713573	-0.7947268856587444	0.48753529856894207	-0.989762747330105
243.777	0.9367681121870527	-0.06295966296079203	-0.8338868442992342	0.4853044950384866	-0.9771075509213922
243.825	0.9494997390856956	-0.07771317286149582	-0.8731680719927875	0.48732831425689566	-0.9895766963399749
243.856	0.9617674541572893	-0.09296152570333814	-0.9133062313751414	0.4863387786866499	-1.0019484150120175
243.897	0.9733553790574081	-0.1086167118813305	-0.9535632328701595	0.4836353580698777	-0.9863453295112599
243.941	0.9843162610141218	-0.12478756105486857	-0.9936796713888811	0.4909399570359523	-0.9650385757536014
243.984	0.9946337393304326	-0.1414266758748036	-1.0325769836472407	0.4865106715794703	-0.9735130027089047
244.028	1.0042207917647457	-0.15835364838868138	-1.0713189173945967	0.4849469090838801	-0.9631881784659742
244.072	1.0132268494564955	-0.1756584156841242	-1.1104624455406236	0.4855319457493448	-0.9756352184497549
244.113	1.0215840618410394	-0.19332113237319556	-1.1506021060116276	0.49285876148263946	-1.0199257370680328
244.16	1.0292270391353764	-0.21139994126375933	-1.1911947894122603	0.48974015853900393	-1.0123661069472536
244.204	1.0361057462558336	-0.22973733462965373	-1.2316984897855654	0.4876790433028658	-1.0011006004961167
244.248	1.042217429359607	-0.2481583787099567	-1.2707655917222753	0.4867705674031838	-0.9857971094557584
244.292	1.047576214584999	-0.2667564220923383	-1.309915377439875	0.482751528005137	-0.9761900904793547
244.34	1.0522174983875934	-0.2855739701237982	-1.349118470213565	0.48333894810467604	-0.9745139001818742
244.34	1.056149529387558	-0.3045851600070082	-1.3884141967151713	0.4850711214693217	-0.9801788611809461
244.384	1.0593486429236747	-0.3237599067255892	-1.4275049711372436	0.4889154474350027	-0.9784433284285149
244.416	1.0617392956645648	-0.34297765901057986	-1.4663401623501156	0.4842792083905226	-0.9790095140723503
244.456	1.0634056436663757	-0.36222214125734786	-1.5051134169104154	0.48213938916475757	-0.9664209799573285
244.5	1.0643137261233226	-0.38148613316311086	-1.5439165087008646	0.4825337331354745	-0.9680873916065698
244.545	1.064456346833689	-0.4007953038177607	-1.5826428102011543	0.483134865258106	-0.9719895202792891
244.589	1.0638293002186774	-0.4201345077294603	-1.6213305775745672	0.49049109510299516	-0.9574715100409402
244.633	1.062435361978754	-0.43970257470352536	-1.6596722215352033	0.49149823470772624	-0.9469897039583167
244.677	1.0602656766346166	-0.4591585124972988	-1.6979505299877575	0.48922321352403164	-0.9611699516891227
244.721	1.0573212611204135	-0.4784836778248879	-1.7368151016362943	0.48675441293896216	-0.9764891453916482
244.764	1.053632828286124	-0.4976742345911577	-1.7756985009368684	0.4889935898493268	-0.9741612410377065
244.808	1.0491878650097544	-0.5167077052658329	-1.814602396849635	0.48788133163037223	-0.9796592276635848
244.852	1.0439715695606	-0.5356907567776934	-1.8534007111015987	0.4894803950742192	-0.9619225051986479
244.896	1.037988551118557	-0.5544687415194414	-1.8918639633608718	0.49292493813761346	-0.9540627574529257
244.896	1.031348283514807	-0.5728463321151831	-1.9303150551560277	0.48694332079768005	-0.9676526564330863
244.94	1.0239596923878882	-0.5910452543156808	-1.9689319950831565	0.4935326986586071	-0.9743684329773064
244.976	1.0158909156992968	-0.6089370537652297	-2.007445914245053	0.4943256226125316	-0.960906128289343
245.016	1.0071556789652565	-0.6264436078493582	-2.0459849589150982	0.48731094384541496	-0.9757477178492384
245.06	0.9976554420714389	-0.6437358415437565	-2.0840738754242354	0.487820830731723	-0.9539385435647734
245.104	0.9876203717425178	-0.6605000835908981	-2.1225750557796697	0.48839704816313395	-0.9644241929653133
245.148	0.9769297735509294	-0.6769012147048659	-2.1612269838637657	0.48688478868674834	-0.9619296739758488
245.192	0.9656435641181788	-0.6927990770438606	-2.199917772503419	0.48582629871353133	-0.9674274731212524
245.236	0.9537275035433702	-0.7083012703527206	-2.238578063462525	0.4919128843840771	-0.9457970007018579
245.28	0.9411973711729423	-0.7234535645304968	-2.2770150418224806	0.4869802537096426	-0.9679650031802657
245.324	0.9281151281825788	-0.7380997292130491	-2.316668609633502	0.48848472638185625	-1.0120645488835558
245.368	0.9145514751427453	-0.7522055038273849	-2.357264656618376	0.4890897150873389	-1.00556149761792
245.412	0.9003684470687069	-0.7656749810474999	-2.396648802514671	0.4908783143653812	-0.9702729508441055
245.456	0.8856791774357675	-0.7785262048338386	-2.435515603761546	0.4876399606156917	-0.9665607006294891
245.456	0.8704671960023509	-0.7908658332982056	-2.475024936126666	0.4896644293954213	-1.0019792725569354
245.5	0.8548149029179868	-0.8026998002236503	-2.515770482627313	0.4883286324184738	-1.0226960440403963
245.536	0.8388126258186341	-0.8137713861783963	-2.5559324541487545	0.4919128573708519	-1.0376389023718704
245.576	0.8222140831212847	-0.8242875227080377	-2.595920504696675	0.4902907986237467	-0.9889664095024215
245.62	0.8052189140180027	-0.8341160790976508	-2.6349562967370326	0.48772568888478113	-0.9805030590042415
245.664	0.7880032175242236	-0.8431697624307481	-2.6735915715488536	0.4853026095140075	-0.9666702632134937
245.708	0.7704342051211871	-0.8516062059502607	-2.712404115795424	0.48321638900856867	-0.9805009799849291
245.752	0.752560262699559	-0.8594317207453065	-2.752128044905273	0.48821805871644747	-0.9954978010001264
245.795	0.734308628610751	-0.8665566292323508	-2.792422402082689	0.49102568336113345	-1.0181736939110084
245.839	0.7157478694159636	-0.8728836104613729	-2.8328765870589616	0.48711066726741375	-0.9994460049965533
245.884	0.6971432080879801	-0.8784887064414109	-2.872223453946819	0.4846106891775213	-0.9768853536180224
245.927	0.678379373914432	-0.8832576045803219	-2.910846845000701	0.4845160943607912	-0.9717318118491869
245.971	0.6594322001417334	-0.8873341229291838	-2.949397885635498	0.4830437295609665	-0.9691348601385859
246.015	0.6403513253568788	-0.8906995368987495	-2.9883050004532414	0.485307155777418	-0.9787612412932296
246.059	0.6211178318831776	-0.8933289338843727	-3.0273099767374965	0.484500413713194	-0.9766631303689164
246.059	0.6017687122099384	-0.8951896266852728	-3.066341555643874	0.4861344867318385	-0.9806040025926889
246.103	0.5824514275459766	-0.8962650057846556	-3.1050593243372693	0.48189344293865527	-0.9662119274361585
246.136	0.5631868737168219	-0.8966017234139598	3.139541716717841	0.48118630134150014	-0.9652783366355208
246.179	0.5438978139649574	-0.8961733362278758	3.1007895543498596	0.48251610042627974	-0.967261447874469
246.223	0.5245593178059513	-0.8949770348804987	3.062083128639389	0.48709347041454654	-0.974426554098185
246.267	0.5051149588927671	-0.8929939557141399	3.023172487114159	0.4906102741456309	-0.9661534688394681
246.311	0.48565387952260786	-0.8902132364904451	2.9847094787742363	0.49225664248538475	-0.9696477425354049
246.355	0.4662312352627082	-0.8866599746704678	2.9459752927659117	0.49307515579396083	-0.9625429870220282
246.398	0.447124367336078	-0.8823743779854852	2.907290706972377	0.48852274682331065	-0.9607680353487219
246.442	0.42823872121742146	-0.8773706128533609	2.8686280584797226	0.48745987998433005	-0.9694494753281407
246.486	0.4095646113142749	-0.8716137968444108	2.8300043173227567	0.49034999711207095	-0.9651362517875338
246.53	0.3910523358932081	-0.8651096880020382	2.7914348782603713	0.4895921889316277	-0.9759529982007851
246.574	0.3728452307988751	-0.8579226427970432	2.7531726660088016	0.4895471178770458	-0.9561519722597981
246.618	0.354911199901486	-0.8500178715253314	2.715043161950018	0.4896877085692845	-0.9385008267509715
246.618	0.3372996572071993	-0.8414258461680142	2.6769138912172887	0.49021197132990996	-0.96977207326988
246.662	0.3199995201804673	-0.8321809004842365	2.638863387098739	0.48910282353065504	-0.9547857956266864
246.696	0.3031031743868794	-0.8223049829709986	2.600571352399735	0.48676080549928047	-0.9585915742572952
246.738	0.2866067077840836	-0.8117957088178638	2.5622500669524726	0.4885010502737063	-0.9508817911450047
246.782	0.27055567856706697	-0.800682960829705	2.523826109779187	0.4867940866169075	-0.9642385537789268
246.826	0.25477650475150265	-0.7888964448513595	2.484882186278503	0.4984537401147366	-0.9759018868469731
246.873	0.23938489733353652	-0.7765023975637376	2.4461593334707175	0.48551129587611974	-0.961419629211037
246.917	0.22478867593923102	-0.7636475588555571	2.4072326803609823	0.48540205822874344	-0.9720577414404205
246.961	0.21067046181127644	-0.7502512543599291	2.3679101983613022	0.4854272254161693	-0.978471228482163
247.005	0.19702563138168477	-0.7363473429108338	2.3280421057488168	0.48299526914415536	-0.9960051460942371
247.049	0.18391058026219698	-0.7218890040843776	2.2874579583042394	0.49184456467278287	-1.0372262985836131
247.093	0.1714061835385091	-0.7069035060034912	2.2472921852670535	0.48784012278110506	-0.9827923047598637
247.137	0.15957571330285758	-0.6913563362854114	2.208250966438791	0.4898492501579599	-0.9747785164966906
247.138	0.14837837954186678	-0.6753992550073417	2.169226968678765	0.4885586934291293	-0.9746789755313412
247.181	0.13766974946702465	-0.6589782810843495	2.129369252676259	0.4883104684800476	-1.0095405156693253
247.216	0.1276263494066274	-0.6422264415985581	2.0898255884031083	0.49049080410004986	-0.9705526606432064
247.257	0.11830155948672816	-0.6251184107320281	2.050740493004899	0.48595403818500904	-0.9742314160758881
247.301	0.10961245650189219	-0.60762489993752	2.011536511634222	0.48611923352033803	-0.9925395974920231
247.345	0.10163725551109276	-0.5898034709677342	1.9715793656965848	0.4839251380163309	-0.9751343995117354
247.393	0.09445592152195639	-0.5717914771819322	1.9328245495403602	0.4864746831565973	-0.9762864730490111
247.437	0.0878837751058564	-0.5534991789440956	1.8935033616697738	0.4855382609493324	-0.9800578503950057
247.481	0.08203479414773018	-0.5349877461265075	1.8541292632616837	0.4843341512445013	-0.97888060829837
247.525	0.07689789836559466	-0.5161795604255832	1.8145142646005703	0.4868018454166821	-0.9803228687589977
247.569	0.07254866820713642	-0.4972571575471133	1.7751832339971385	0.48646419612647773	-0.9849335149953452
247.613	0.06895828939558125	-0.4782239477326085	1.7361028599809034	0.48405845950517334	-0.9759001310580934
247.661	0.06613114563892616	-0.45907366262917454	1.6970069419428668	0.483009471826757	-0.9755745642963364
247.661	0.0640511745350606	-0.43984741474381966	1.6579522174530863	0.48261314113755777	-0.974674446045127
247.709	0.06272390753763314	-0.42054907177009937	1.619048379510524	0.48377677831993526	-0.9713847026351695
247.735	0.06215570891184929	-0.4012423031194628	1.5803648538511064	0.48335947837843835	-0.9690725238060116
247.777	0.06235537408928617	-0.3819173572896061	1.5415992177656646	0.48273487701072404	-0.9674002417869259
247.821	0.06331773482228212	-0.36249842064296073	1.5031017233058217	0.4887981775166725	-0.9628233277310405
247.865	0.06504887410203095	-0.3430284981301027	1.4646337153512277	0.4858726540192931	-0.9715349533233743
247.909	0.06755397867388463	-0.32376369362287905	1.4257003506614487	0.48646990425860154	-0.9737953303821989
247.953	0.07083565599086292	-0.30451348980714776	1.3865843823592041	0.4861939035512322	-0.9718525657681957
247.997	0.07490454177733778	-0.28516991543534065	1.3476470975423696	0.4941277509390294	-0.9658975695491937
248.045	0.07974760936334935	-0.2660578526067692	1.3091113558963527	0.4915659575794408	-0.9626864813388392
248.093	0.08533483836324485	-0.24715532801250323	1.270865365793827	0.492403695101532	-0.9543472848659622
248.141	0.0916172022069503	-0.22857534423370174	1.232730562131688	0.4903322648249808	-0.9518246331345857
248.141	0.09857111550068573	-0.21032754811906978	1.194204443541665	0.485371561009853	-0.9704198917702133
248.185	0.10622541593104248	-0.1923884092919137	1.1555745691133208	0.4880849289179827	-0.9652322964697712
248.216	0.11455722183796195	-0.1747461026407734	1.117006338459296	0.4880797054961656	-0.9681397531608391
248.257	0.12363476699784486	-0.15730625224336192	1.0785583851677478	0.48852449173570284	-0.9583688712535093
248.3	0.13349230256433545	-0.14008339270485878	1.0408044307353872	0.4929199738844096	-0.9447918753694797
248.344	0.1438883441571053	-0.12336353900089331	1.0026011834026156	0.48524506894728575	-0.9758394657910848
248.388	0.1547710487561471	-0.10726658515492273	0.9635374637610797	0.48698923794703874	-0.9843899606796618
248.432	0.16631648608283156	-0.09155388566195927	0.9246331967019153	0.4883224468946484	-0.9709749214895221
248.476	0.17847322488238299	-0.07628905197269668	0.8856971099515414	0.4858163459669864	-0.973685780107647
248.52	0.19123211470132187	-0.06143942542986372	0.8467367221803096	0.49261713862495393	-0.9818939362778081
248.564	0.20454194254699282	-0.0469949001355099	0.8070816428726972	0.4849184863585636	-0.9995819249276604
248.608	0.21834514725820445	-0.03315189515705311	0.7666290848272694	0.48603672146276966	-1.005487445924979
248.652	0.23272906663461834	-0.01993914492256009	0.7269577949082056	0.48975992235373444	-0.984685950810094
248.696	0.24770276055017054	-0.007335037282821533	0.6882624046870064	0.48585727412992097	-0.9690354115936375
248.696	0.26312831159237504	0.004728692968425693	0.6489698533867503	0.49191512694518225	-0.9824831259557467
248.74	0.2789818431943094	0.016263972700589734	0.6088814432786676	0.4898734380274858	-1.0177673998306285
248.776	0.2952426947104782	0.027098369441144257	0.5683924884762005	0.4938183931479564	-1.0381291978407035
248.816	0.30182752905818866	0.03120208279486643	0.549738511429209	-0.00025617089162371996	0.005364784477839143
248.86	0.30189969888332985	0.031209782669531814	0.5498164575595893	0.0017821291150789988	-0.00012423690875784177
248.904	0.3019584813448801	0.031244163536956495	0.5498121139155852	0.001601758092165428	-0.0003784507128128636
248.948	0.3020076518078745	0.031274315952834	0.5498106304317899	0.0013219269807435035	3.7420746705872215e-05
248.992	0.30204922500126696	0.03129928652642286	0.5498085308270328	0.001080417067547618	0.00016586038266825056
249.036	0.3020825076576332	0.031319368493549604	0.5498063302375468	0.0008687880133519067	-0.00022271257659612517
249.08	0.3021076859166192	0.03133489290676312	0.5498047209132981	0.0006437470397452482	-0.0002458788955910775
249.124	0.3021249731456316	0.031345358148240854	0.5498032033267096	0.000405244379590874	-0.00026665900617723346
249.168	0.3021343634395931	0.0313509187230393	0.5498018845536221	0.0001685885180731899	-0.0002258901074715452
249.212	0.3021357683131059	0.0313517987384211	0.5498009642728019	-5.473658830325255e-05	-0.00023606138111481175
249.256	0.3021293401474534	0.03134770334639101	0.5498000768342608	-0.00029465547959976507	-0.0002282752799809224
249.256	0.3021148752024728	0.03133896187321567	0.5497993040495512	-0.0005417106928033402	-0.0003295494566518621
249.3	0.30209235530133816	0.03132533626733894	0.5497994889187107	-0.0007848395062615816	0.0003452464217636037
249.336	0.3020621568545557	0.031306502953085694	0.5497990817638616	-0.0010144197710307808	0.00019286050044225764
249.376	0.3020237708603189	0.03128297740421253	0.5497989530578075	-0.0012536252495955772	0.00018876658745199787
249.42	0.30197738968790605	0.03125427168974684	0.5497985152732278	-0.0014719001158308995	-0.00019499336715725303
249.464	0.3019229851906474	0.031223693600080954	0.5498119538391758	-0.0009444405566931802	0.008242333038619742
249.508	0.3016783248365573	0.031034936081543542	0.5502900048894138	-0.013725918015353434	0.014333987230308329
249.552	0.30118741668683313	0.030671662469574885	0.5508271506113248	-0.015691340887319313	0.017927450729766096
249.595	0.3007093425208627	0.030305629932622258	0.5516257656912094	-0.014977770707138589	0.019157242709484018
249.639	0.30024377671794406	0.029960401590683368	0.5523667238455784	-0.012899446566514913	0.024226362101402325
249.683	0.2999296594680678	0.029715803396143516	0.5526183905160251	-0.0002792090740853098	-0.004256179858793098
249.728	0.2999696208273937	0.029751162967862496	0.5524965945947151	0.0018379041732703226	0.00043827474950699634
249.772	0.300056795747818	0.029778798673791494	0.5524737544008944	0.002104723002833222	-0.0039280671365120754
249.815	0.3001791648690896	0.029852249642784906	0.5520668161870965	0.004548431198585075	-0.014882825859025974
249.859	0.3003722418691688	0.02997024183825086	0.5512372967526672	0.005510738048224894	-0.021180080127995358
249.859	0.3004386678398139	0.030029860502197123	0.5514093990830901	0.003153577176536145	0.010473209815957223
249.907	0.3005900357200666	0.03011572945074434	0.5520514968252669	0.005484179987253718	0.021563949835708782
249.936	0.3007034834746488	0.030150004488080365	0.552422218896445	0.001407968048469318	-0.00526834208960844
249.979	0.3007806570281045	0.030203728340355625	0.5520208322779153	0.003520666474802004	-0.014505541066880154
250.023	0.3008636249918182	0.030292383629546445	0.5514946705019822	-2.1858483528251567e-05	0.0012114136468011313
250.067	0.30090397443375383	0.030314101872989923	0.5517566107723371	0.002201090139342247	0.011370125396393174
250.111	0.3009795518234945	0.030325504523564514	0.5521593993821179	-0.001119136278726	0.0023011665761011667
250.155	0.3009762788027286	0.03033285863698307	0.5519880389281578	0.0006481903560616991	-0.007325721310816178
250.199	0.3009457227837291	0.030319865533206064	0.5518714256326238	-0.007422711761728068	-0.00017689126108128226
