371.496	0.1461336254107119	0.5987778462504508	0.9043418038173469	3.5115143075913413e-06	0.00041026671078392234
371.536	0.14612820601751	0.5987826709512908	0.9043350284413046	3.499952614410709e-07	0.00040313545616909007
371.576	0.1461289936723652	0.5987786643365621	0.9043563655690336	8.600115858549981e-05	-0.000708293309784213
371.615	0.1461282291741491	0.598777348201915	0.9043539789426714	-0.00029897622034574784	0.0017222283049398413
371.656	0.14612786860476829	0.5987756169189986	0.9043685698952694	8.538616891146713e-05	-0.001145364294705365
371.695	0.14612891895031127	0.5987705755151478	0.904378996533489	-3.1892503647694946e-05	0.0007485101464767107
371.736	0.14612374887588356	0.5987742941674201	0.9043775037421607	3.90668867744034e-05	-0.0010200979236465637
371.776	0.14612671095469115	0.5987686504671261	0.9043947218223388	-3.1392203213460694e-05	0.001709023679680829
371.815	0.146122633517893	0.5987718577251859	0.9043867994897515	5.111404162305197e-05	2.6401576615865637e-05
371.857	0.14612502259846138	0.5987667013070086	0.9044085514225478	9.179418209249594e-05	-0.0005856767207153689
371.901	0.14612395890751756	0.5987647361301144	0.9044113418167974	-0.00029948103520770924	0.0019964093203913187
371.945	0.14612104135065684	0.5987656346415344	0.9044173480853106	0.00011452156446919599	-0.001857529662317053
371.993	0.14612385160098262	0.5987592867825771	0.9044284957292198	-4.864013397571828e-05	0.0009011127210065465
372.037	0.14611727124557355	0.5987642677645895	0.9044237245589534	9.184172699720029e-05	-0.001355421557059975
372.082	0.14611879563203758	0.5987599060940003	0.9044455264599143	-4.456938706306056e-05	-0.000501872036317419
372.125	0.14611860616468436	0.5987597242007089	0.9044365805446306	-0.00018468823814425306	0.0011713799426329636
372.169	0.14611735264430017	0.5987575106501977	0.9044558110142865	4.548426099588481e-05	-0.0009297978791892205
372.213	0.14611948392971735	0.5987520951191625	0.9044637002029778	-0.0002126010704364979	0.002081230612888223
372.257	0.14611367561430488	0.5987554349502421	0.9044639823838408	0.000132120146831182	-0.001808746728463175
372.257	0.14611544612803926	0.5987508774500712	0.9044815270707363	4.7471443978448915e-05	-0.00014199981989523078
372.301	0.14611249270168813	0.5987529944001465	0.9044712959539871	-8.409174942051166e-05	0.0007083892447599972
372.336	0.1461146312885503	0.5987484145151267	0.9044911469481882	9.207438729531072e-05	-0.0005442472553118177
372.377	0.14611381576255184	0.5987466141682575	0.9044930118032068	-0.0003169290551153123	0.0021566493056519452
372.421	0.1461110795613479	0.5987478031319591	0.9045003728510453	0.00011503521414795432	-0.0018559986463641065
372.465	0.14611402125833223	0.5987413638881479	0.9045144933296061	-4.799499771897089e-05	0.0009248967892753237
372.509	0.14610811800576531	0.5987456613605904	0.9045087290088499	0.00025739211540891875	-0.0018390538998965934
372.553	0.14610903425855926	0.5987415159832424	0.9045298904315658	6.691440243973195e-05	-0.0008903144064592563
372.596	0.14610834235214765	0.5987410431773524	0.9045221521559863	-0.0002583796359025753	0.001538327776063869
372.64	0.14610823891704483	0.5987385229618479	0.9045414518012883	-2.800117691655586e-05	-9.739809190560286e-05
372.684	0.14610894902616808	0.5987352976008629	0.9045405237691563	-0.00030447774325007205	0.0022154966591905263
372.728	0.14610459795760228	0.5987375202291485	0.904545107887402	4.4408701007556296e-05	-0.0013549722110129444
372.772	0.14610694997193877	0.5987322458900091	0.9045641956153911	2.5917318795582898e-05	0.0015621356937145193
372.816	0.14610322396851144	0.5987344224610681	0.9045553190686428	-0.00019968240255295052	0.0012421891621314685
372.816	0.14610327320704333	0.5987311817008603	0.9045706261968351	1.2670266108715029e-05	-0.0010978072818838963
372.86	0.14610412161768666	0.598727192088312	0.9045788561584353	-0.0002616104001490309	0.0020384556705463344
372.896	0.1461014024241396	0.5987297471879119	0.9045775126839649	0.0001812067497651842	-0.001621466078733917
372.936	0.14610431187868828	0.5987233672071912	0.9045947655112989	1.9039811935908767e-05	1.8738329197661742e-06
372.98	0.14609905014817784	0.5987266138063606	0.9045941427498566	-0.0002830952526665185	0.0016803183618325618
373.024	0.14609970884413992	0.5987234065954286	0.9046079017435259	0.0001677551595501123	-0.0011586490111485227
373.068	0.14609884443340107	0.5987205606841663	0.9046130260040337	-0.0002888319835155306	0.0018289420689396256
373.112	0.146098051897032	0.598721189918398	0.9046082339903699	0.0002297508443259108	-0.001734324467132808
373.156	0.14609976982848344	0.5987156645082665	0.9046250878943519	9.696005318283806e-05	-0.0005062052554106664
373.2	0.1460953640743406	0.5987191044443507	0.9046204563460943	-0.00014235546518788687	0.001080775491989152
373.244	0.1460971429735633	0.5987139914151562	0.9046390871652	3.784220833226193e-05	0.0010464747452674753
373.288	0.1460939538370155	0.5987142066590335	0.9046391297133451	-0.0003496711597545592	0.001953797212875251
373.332	0.14609376644145664	0.5987133236034075	0.9046413832671437	4.1910497290740525e-05	-0.0016126307245687324
373.376	0.14609459500538466	0.5987085782425254	0.9046564630381494	-2.85889733931288e-05	0.00024872009498265414
373.376	0.14609235099935447	0.5987102405427449	0.9046537234646121	-0.00020993230078408662	0.001383401388154375
373.42	0.1460945785489553	0.5987047077355011	0.9046659864617448	9.026634970425491e-05	-0.0008404826200204382
373.456	0.14608863570026379	0.5987069550144248	0.9046740643105928	-0.0003396887863845919	0.001838202159121907
373.496	0.14608873475386241	0.5987061727869696	0.9046761659304592	0.00010097561732039424	-0.002335430718640282
373.54	0.1460896375217181	0.5987006662096874	0.9046919738070026	-2.2566771854301245e-05	8.251632178022671e-05
373.584	0.1460880166029478	0.5987014888330194	0.9046920179222306	-0.0002703273804180968	0.0018685657642387163
373.628	0.14609016278998366	0.5986970832786653	0.9047000796225371	0.00012301972417764733	-0.001178227576568291
373.671	0.1460849398184249	0.5986980831826073	0.9047148692534819	-0.00028883692914434344	0.001880508988729945
373.716	0.1460857090262258	0.5986978746794664	0.9047116822574336	0.00016698597280306567	-0.00023162970911347157
373.76	0.14608366098347192	0.5986944463209916	0.9047270362404921	-3.74714587304774e-05	-0.00034994498966705006
373.804	0.1460839849530817	0.5986928162351803	0.904731167675107	-0.00034024687917957224	0.0022038152102177248
373.848	0.1460841522485707	0.5986905131876336	0.9047303343726649	0.00019404341942204554	-0.002085839712342417
373.892	0.14608053620396405	0.598689752123424	0.9047516801568962	-5.336608503755739e-05	8.922564346114044e-05
373.935	0.1460798866823159	0.5986902996002427	0.9047545153876101	-0.00021906906630035663	0.0024413627168609867
373.979	0.14607829383261092	0.5986880122348294	0.9047596418756607	8.522123427623273e-05	-0.0013674690415777704
373.979	0.1460789159787811	0.5986851591066268	0.904775487240745	-0.0001384521832329682	0.00028607683209151344
374.023	0.14607926726424603	0.5986838426925664	0.9047632322228053	0.0001798534605971921	-0.000818180270242944
374.055	0.1460774604123731	0.5986818754161767	0.9047873956819028	5.895981823408257e-05	-0.0008589040965751277
374.104	0.14608006782560345	0.5986781169697246	0.9047850641910803	-0.00029318051135859347	0.0021944843222306736
374.147	0.1460735045063749	0.5986806650567232	0.9047930152447722	8.044274009641692e-05	-0.0012963607904563738
374.195	0.1460747393830863	0.598676828700711	0.9048084839231376	-0.00015053901440578948	0.00021678643459298113
374.239	0.14607426197824952	0.5986760976133694	0.9048030762576912	-0.00021217213423365463	0.0014012112324181833
374.287	0.14607333208209716	0.5986739138575323	0.9048197486522834	4.7592934016154324e-05	-0.0008677014969657561
374.331	0.14607557204770522	0.5986693965080312	0.9048222093178236	-0.00025302332764026193	0.0021214621168940684
374.375	0.14607036032935572	0.5986728620065882	0.9048223867082842	0.0002489948178458069	-0.001799768293498197
374.419	0.14607223392336594	0.5986677701212122	0.9048415647965877	6.88215439750851e-05	-0.0007982404433704034
374.419	0.14606935846142727	0.5986682989241404	0.904838493274719	-0.0003282377046339913	0.0018190771066507877
374.463	0.14606857202173604	0.5986663857799398	0.9048475469364782	0.000137919604438315	-0.0018999646744083428
374.496	0.1460707038557578	0.5986610230818415	0.9048619966879072	3.634968394874e-05	8.384733284575313e-05
374.539	0.14606630262772002	0.5986646933403194	0.9048587273656469	-0.00012696314374249397	0.0009106479911252771
374.587	0.1460683411878318	0.5986597080015222	0.9048746537118371	2.476113214760887e-05	-4.912707586708674e-05
374.631	0.14606432530717672	0.598659280233867	0.9048851458670374	-0.00026046569741987807	0.001630329562146087
374.675	0.14606453527600907	0.5986592366752146	0.9048795551108482	0.00021448797338115722	-0.002230572763104685
374.723	0.14606474257667312	0.5986543867398876	0.9048966608921796	-1.2315826541483714e-05	-0.00018222630894401773
374.767	0.1460623156385291	0.5986545386126317	0.9049033722075821	-0.00033233074182844946	0.0020982339108148017
374.815	0.15378360295266238	0.6003090684428047	0.8789538398790597	0.228494400606072	-0.9907520811269436
374.859	0.16565542261177174	0.59997994483633	0.8424647834709454	0.1501780296610996	-0.8424848789623874
374.859	0.18096971490870478	0.5973899018122226	0.7940782040883981	0.32884286666443696	-1.746002389437861
374.903	0.20505019617465237	0.5966618495226317	0.7162182218824394	0.4836123764481718	-1.9153978656642598
374.936	0.2317589117722942	0.5962646967225342	0.643862161833034	0.5229977346500109	-1.692435715311062
374.979	0.2584341550990399	0.593569793775198	0.574506674833986	0.5460616848070399	-1.896138954529716
375.023	0.2875252575814161	0.5926777947304648	0.4983467258098812	0.6785847083671102	-1.916723645654866
375.067	0.31820726767182805	0.5969663712105555	0.42535954537148357	0.7462020160258679	-1.6454437754976772
375.111	0.34689566498901175	0.5999156992510221	0.363437247409918	0.681298050802804	-1.605917420269239
375.155	0.3778363537788338	0.6042070279899608	0.2935990415916458	0.8427930030434959	-1.8259150166306395
375.199	0.4117353942970733	0.6128856722240136	0.22447795733551934	0.8940759702261186	-1.6006201377235119
375.243	0.44563398509256047	0.6196262397098165	0.1634306237906846	0.8633472518108976	-1.615779654395709
375.287	0.4808750993841055	0.6241692039219344	0.09662147248890882	0.8981214109472244	-1.7087359303098004
375.331	0.5163453626053724	0.6263818531467832	0.0263863299284469	0.881158089372915	-1.7896484708040754
375.375	0.5542727530232971	0.6262499213734561	-0.03651276291719139	1.0871413773534928	-1.1372902753993834
375.419	0.5981072125927166	0.6235908170687418	-0.08162357317444324	1.0962078651895537	-1.163383684277114
375.419	0.6408586918368184	0.6191096200778562	-0.12445436577883863	1.0596110214881165	-0.9574081622123336
375.462	0.6826115098247926	0.6130780890691052	-0.1637151249767381	1.041442730862519	-1.0499524544269052
375.496	0.7219167922034266	0.605674439351615	-0.21301218665090624	0.9564568000000726	-1.4142979808181666
375.542	0.758484798543074	0.5964094869854794	-0.27039893331410475	0.950175503190992	-1.42838076075607
375.586	0.7952836099874092	0.5851571694130187	-0.32630749793528835	0.9697326319389528	-1.3914071300081685
375.63	0.8313638892287828	0.5717912972833483	-0.3832970727021418	0.9580244334162789	-1.4478871456981017
375.674	0.866648317392	0.5562575047525314	-0.43924151023181063	0.9781687591116346	-1.310736927428117
375.718	0.9013749483915451	0.5388015851622532	-0.49335907200998824	0.9481073836435518	-1.4577965731827014
375.762	0.9350685416450271	0.5197905196188516	-0.5457626611730965	1.0261592031434705	-0.9305108089657482
375.806	0.9698517063661964	0.49795332754669946	-0.580881397650284	1.016816673696771	-0.8226433169527424
375.85	1.0036177960464119	0.47479371647258006	-0.6238840224831889	1.00336232595267	-1.2092939384149113
375.894	1.0346325436894435	0.45124300551501967	-0.6785443256446448	0.9517420469574259	-1.4700351591095102
375.938	1.0632817899217395	0.4267351845703725	-0.7394636910816721	0.932850504734639	-1.5701358778357277
375.938	1.0928446732013424	0.3992040426990838	-0.7888012187479202	1.0589609292671351	-0.9828390536825642
375.982	1.1216065235220103	0.36904084135138926	-0.829256884058832	1.0296144183079194	-1.0850530028091554
376.016	1.148668693363747	0.33811776429682106	-0.8726778685025439	1.0272284174567943	-1.0892207512128027
376.058	1.174069528409398	0.30644842090270824	-0.9189542519643922	0.9939521942896519	-1.2580941125765195
376.102	1.1968171584080494	0.27497635823784544	-0.9736617776386238	0.9562967183420221	-1.4437742285213209
376.146	1.2172493557740383	0.24304495815142216	-1.0334262937992413	0.9386773076615245	-1.5396931958735944
376.19	1.2374260537788768	0.2083604275465833	-1.0824089127395118	1.0504042566029443	-0.9431220179883499
376.234	1.2560749256848878	0.1717931632609459	-1.1168636028463244	1.0429325417930224	-1.0147432067066289
376.278	1.2734120093218926	0.13425883120751445	-1.159393112909408	1.0324822723275362	-1.06021563732672
376.322	1.2890650322513426	0.09604852790247999	-1.2019627648497566	1.0296842299297935	-1.0874211888906118
376.366	1.3029146367298332	0.05764310316921051	-1.2472103857294254	1.011775680169506	-1.175885848980949
376.41	1.3147509879928485	0.019308616314790653	-1.2958223212904683	0.9947724687506332	-1.2483644274155268
376.454	1.3244622501763295	-0.019008004446306043	-1.3467216645746822	0.9815816873814655	-1.2792353322207617
376.498	1.332623557653103	-0.058923269747086	-1.3927062540273991	1.0431730301705513	-0.8862565916439551
376.498	1.3391076011032097	-0.09849012562644521	-1.421100684728526	0.9671549522344213	-0.5344199189178178
376.542	1.344736587326992	-0.1395786568280198	-1.4543865713812172	1.056747647872466	-0.9867564105619441
376.576	1.3486609515128063	-0.18102720824791957	-1.496172827117399	1.0375800277076055	-1.0494908337370474
376.617	1.3508284336006908	-0.222441027864082	-1.5383497927355672	1.0362475371787505	-1.0515209298511037
376.665	1.3512526741849933	-0.26411442833505333	-1.5803055041826013	1.056890689873385	-1.0533289358657563
376.709	1.3500021910960391	-0.3064057721907569	-1.6196685633921015	1.0368410210718744	-0.8243002213853596
376.753	1.3472482161934867	-0.34807289762855875	-1.6535163438496183	1.0753776691130568	-0.9184241004864532
376.801	1.3428612595872198	-0.3911343507398778	-1.6892314425488923	1.067159493872664	-0.9143626208366105
376.845	1.3370706043141791	-0.43287072984296815	-1.7262598011650263	1.0602889911121025	-1.008403443573748
376.889	1.3297133882729892	-0.4741854289759254	-1.7673503953146714	1.0574758384409497	-0.9934796294101099
376.933	1.320622264511291	-0.5153614564128052	-1.8077042359658704	1.0609226764123596	-1.0138635771344904
376.977	1.3097877030076075	-0.5565760354485155	-1.8481244407465673	1.0665800207564298	-1.015275432928286
376.977	1.2972688525379725	-0.5974625308194309	-1.8886140449440183	1.0609098772651617	-0.982894384276675
377.021	1.2830823284407888	-0.6377747809902301	-1.9290586509249477	1.0678405021292519	-1.0198995261738502
377.056	1.2674218613969894	-0.6772828828315155	-1.9689701994669717	1.0544777738802784	-1.0004900294798347
377.097	1.2502704006374108	-0.7158777388382237	-2.0088375128634612	1.055750563576532	-0.9927379267348413
377.141	1.2316005221635145	-0.7537489653770827	-2.0486174686804897	1.0559510350818375	-0.9952533101040572
377.185	1.2114221604095754	-0.7909073850113825	-2.088950569441276	1.0592568833449236	-1.0157600413504726
377.229	1.189756689085048	-0.8272232140842721	-2.1297048530642635	1.05637426223837	-1.0158501420521109
377.273	1.1666192553773318	-0.8626027443894435	-2.170361551792911	1.057967831898859	-0.988790283873611
377.317	1.142080707575927	-0.896965658046105	-2.210015905718606	1.0554434041457845	-0.9873272552812883
377.361	1.1162442727289779	-0.9303129529202329	-2.2495638824877062	1.0541537927196116	-0.9921282709381184
377.405	1.0891079151971628	-0.9626099295529396	-2.2891801090824764	1.0544072008454202	-0.987046898198582
377.453	1.060687313104745	-0.9938565576763342	-2.3287158671916734	1.0567510914949572	-0.999716311648236
377.497	1.0310542865703332	-1.02395598059393	-2.368865152673436	1.0572461564714515	-1.0078972749877855
377.497	1.0001642340521755	-1.0528931218359867	-2.4089833130210856	1.0573851708366095	-1.003309023985048
377.545	0.9681790053376016	-1.0805269778937652	-2.4489849278749065	1.0554263170785352	-0.995451369890433
377.576	0.9351529313637374	-1.1068199784132777	-2.4888394204113613	1.0545800091428619	-0.9947106504151454
377.616	0.9010616965672439	-1.131804713983272	-2.5286100500755815	1.0559031049692345	-0.9901109045343686
377.66	0.8661053962923425	-1.1553637546539433	-2.568385442789244	1.0530519968686838	-0.9983458488087268
377.704	0.830211419459361	-1.1775253157156642	-2.6082764313167868	1.0547879529712985	-0.998309511768787
377.748	0.7934410534586404	-1.1982489204417623	-2.648164233403517	1.0559919530733883	-0.9985294811366312
377.792	0.755858652279844	-1.2174936089413868	-2.688045026308744	1.0544863041225858	-0.99362146793174
377.836	0.717569951183547	-1.2352121846310913	-2.727796211391943	1.0547545969816838	-0.993428975655556
377.884	0.6785992912841396	-1.2514035693919845	-2.767549431554566	1.0553738706389653	-0.992522451931849
377.928	0.6390001097296696	-1.266034896311643	-2.807243147420196	1.0553318514272931	-0.9907901210000091
377.976	0.5988531763156735	-1.279082108293133	-2.8469493274776094	1.0548848655720833	-0.987680333711098
377.976	0.5581292218010944	-1.2905334572461402	-2.8867177815290077	1.0702390145568013	-1.0263523318674077
378.02	0.5168730872785653	-1.3004092142281356	-2.9268699273319108	1.0639162754884979	-1.0259213058868282
378.055	0.4752987978305604	-1.3086022786210225	-2.9668393831870485	1.0634628048998083	-1.0210474855698557
378.096	0.43324162451950154	-1.315152946740911	-3.0077187363171265	1.0644114986386928	-1.0239862755085887
378.144	0.3911559354184786	-1.319980398227892	-3.047826262510977	1.0555632703002613	-0.9862335908632717
378.191	0.3488402137541529	-1.3230954049289267	-3.0880290154425425	1.0639847195242838	-1.016355491553938
378.235	0.30622765293219034	-1.3245173124421066	-3.129144596848303	1.0613992767619065	-1.0080919779438622
378.279	0.2636339648642244	-1.3241699156992626	3.1132288384180704	1.0639346084595935	-1.0162833438805297
378.324	0.22115504359104105	-1.3220880019268684	3.072967912764084	1.0622361836712833	-0.9997744157645914
378.368	0.17878570258959475	-1.3183061052699836	3.033231493754538	1.0597643158251482	-0.980899727086333
378.412	0.13671632258012148	-1.31285052146551	2.993465721964647	1.0607389517642907	-0.9922061727084868
378.456	0.09483025598104045	-1.305729718704104	2.953380276982671	1.0655902016863716	-0.9735554714828978
378.456	0.053125098989066755	-1.2969619867087867	2.914189958890908	1.0519970550846778	-0.9806420213213182
378.5	0.011889817512175022	-1.2865384181438295	2.8751343498582993	1.0640393943904707	-0.9975385525241278
378.536	-0.029060267466014075	-1.2744988131328656	2.8360372739435493	1.0682094408760219	-0.9777733298734667
378.58	-0.0694337912308154	-1.2608920568621687	2.7971574633257017	1.069613318518227	-0.9938078543251335
378.624	-0.10907710357153166	-1.2457712799333485	2.757158755824858	1.0565966166858871	-0.9897348051703323
378.668	-0.14789079334027513	-1.2291786717336604	2.717227181594013	1.0573236793621976	-1.008266303434948
378.712	-0.18591181561951092	-1.2110171160328715	2.6763627226633617	1.0427902531746422	-1.0519377587214598
378.756	-0.2231661021670499	-1.1913019142106034	2.635911703507868	1.0578573361125647	-0.9766507226526788
378.8	-0.25962665263861123	-1.1701707313786833	2.596120762712657	1.0537607296508156	-0.9953298671350996
378.844	-0.2953388826484434	-1.147532020533717	2.5555512170298478	1.0559984700964806	-1.0146503302867411
378.888	-0.33012744250402554	-1.1234160938504492	2.5149939634957046	1.0603565732394449	-1.0129753443493363
378.932	-0.3638742811039278	-1.0979130196666012	2.4746005402456026	1.0558079449502218	-1.0141792463544028
378.976	-0.39651956337152017	-1.071106742976079	2.434166685066511	1.0556745398002005	-1.0092043911157718
378.976	-0.428059059328837	-1.0430076171867415	2.3940563258602183	1.0559256980195963	-0.9926792944328998
379.02	-0.45844141263630456	-1.013698128533627	2.3542160981439757	1.0551212742035487	-0.9970143182718875
379.056	-0.48758091887301924	-0.9832345320357104	2.3138538680439225	1.0575474881153184	-1.001449631221407
379.096	-0.5155801351982093	-0.9515193522989455	2.2738310807631326	1.0585076891744245	-1.0018955139252783
379.14	-0.5422897346654465	-0.9186948050743713	2.233773037324269	1.0574497811865213	-1.004410294441584
379.184	-0.5676244455506301	-0.8848771821521302	2.19388001486772	1.0559583751792436	-0.9988463671171741
379.228	-0.5915836472555633	-0.8500757711436219	2.1540875226272473	1.055217417712773	-0.9952721847589457
379.271	-0.6141178247351701	-0.8143915567431981	2.1142305147149294	1.0549506855823427	-0.9980811411204196
379.316	-0.6352141303114223	-0.7778308579660225	2.0743341924212917	1.0548120558453093	-0.9972854765304702
379.36	-0.654827127048612	-0.7404638495645723	2.0344679226016655	1.05471128732045	-0.994592347129106
379.404	-0.672940084198121	-0.7023483590298669	1.994695061141118	1.054851982864971	-0.9938098538333787
379.448	-0.6895214877905852	-0.6635442216534958	1.9549843282429813	1.0547971283198556	-0.9913511054584704
379.491	-0.7045532103664778	-0.6241088024919459	1.9152527349633066	1.0549818139009095	-0.9942023720922976
379.536	-0.7180142577756736	-0.5840983719129133	1.8754451352231623	1.0548960801462455	-0.997748267169651
379.536	-0.7298662881197079	-0.543581406885114	1.8356808246846594	1.055442004718965	-0.9921736687039197
379.58	-0.7401281393476528	-0.5025115246760667	1.7956929793850138	1.0571665078857853	-0.9960510865825685
379.616	-0.7487487367220006	-0.4609546916679469	1.7557428396697052	1.0628696962101538	-1.012458751748164
379.659	-0.7557279518224086	-0.4190090515499494	1.7151657972380558	1.0629706762665936	-1.0101660575170543
379.703	-0.7610101428161798	-0.3767286883920404	1.674195211670181	1.0561780520434427	-0.983907972129891
379.747	-0.7645395750606744	-0.33441939933657583	1.6337418175172551	1.0651489128421823	-1.0300579422051264
379.791	-0.7663562226737821	-0.29205377935973237	1.5936205110964456	1.0616773501659083	-1.003071140135994
379.835	-0.7664768637892766	-0.24945293595652632	1.5528843668512307	1.0730300094129306	-1.0121549657898057
379.883	-0.7648451798392129	-0.20701768723993727	1.513158192556964	1.0600450675566877	-0.992133815167069
379.927	-0.7615445704308926	-0.16456561229453018	1.4726261063698263	1.0672244310206858	-1.0198793062577736
379.971	-0.7564887465729528	-0.1223680872493481	1.4326713796000439	1.0611966960848966	-1.0002164658696548
380.015	-0.7497680767239	-0.0801640177854486	1.3931277748794026	1.0675240116988305	-0.995188155861684
380.059	-0.7414076636598717	-0.03830199713044545	1.353335794421476	1.0672898924522674	-1.0165049816377312
380.059	-0.7313490309103599	0.0031144611784949816	1.3133605172441238	1.0636203836707712	-1.00783174346361
380.103	-0.7196864634082851	0.04417407467553486	1.2733988120694113	1.0627689432739997	-1.0083637087140713
380.136	-0.706500266051742	0.08436058322793713	1.233558005972576	1.0569230004918708	-0.9874828718664018
380.179	-0.691728594093242	0.12395038825017109	1.1941411816747298	1.0551944583066573	-0.9867675874424956
380.223	-0.6754273919310552	0.16289858227512294	1.1544793271837512	1.0556081208666264	-1.00627968974339
380.268	-0.657504994832455	0.2013061059717356	1.1143685563615282	1.0566731614135356	-1.0060722497111683
380.311	-0.6380411365716165	0.23893552906902593	1.0740729869428438	1.057431623286593	-0.9989258743168237
380.355	-0.6170277621258947	0.2757942747785062	1.0344625386462776	1.0582138945714412	-1.0053835983966577
380.399	-0.59473575194285	0.31163952786128013	0.9949964319250448	1.0534762669284854	-0.9847892970436593
380.443	-0.5710519665416682	0.3465825610691077	0.9553933870428346	1.0560589638609776	-0.999571179102217
380.487	-0.5459965825856841	0.38057915607252774	0.9154943042927512	1.058864796689692	-1.0039970988941245
380.531	-0.5195370770154442	0.4136159437313045	0.8752728303290106	1.0586624578844963	-1.0007665014098284
380.575	-0.4917855640199779	0.4455436994321028	0.8351674439766429	1.0580456409328294	-1.0018817149399815
380.619	-0.46280755485533204	0.4762884191452232	0.7953232909876391	1.05616432771947	-0.9960279772345859
380.619	-0.4326758614609337	0.5058113038582737	0.7555640265086494	1.0547319311813927	-0.9946822670490436
380.663	-0.40130693029007913	0.5341775008784874	0.7156047429064584	1.058802512379224	-1.0078569185019473
380.696	-0.368872453751165	0.5612909655363296	0.6760440876921098	1.0557074279287515	-0.9948251784494854
380.739	-0.33544193609410206	0.5870289201171477	0.6357634991983808	1.0562275388790572	-1.0047535133965049
380.783	-0.3009141105456925	0.6114623053727574	0.595674351658457	1.0586478503282981	-0.9983190456105839
380.827	-0.26543815210604516	0.6344924104858859	0.5559232939604242	1.0551436005884174	-0.9947470345762632
380.87	-0.22916375577577078	0.6560165055159152	0.5161939795588185	1.0545878774077824	-0.9914199214183658
380.914	-0.1920059167972262	0.6760953052197051	0.4762651479796825	1.0639046864596966	-1.0188238821795383
380.958	-0.15410721677926834	0.694724265615102	0.43639505465341544	1.055141129102123	-0.9898856060187844
381.007	-0.11550839916710912	0.7117915103754562	0.3966642637689824	1.055995471447998	-0.9934525198431449
381.05	-0.0762360504753468	0.7273326503336823	0.35706352108852063	1.0572615005540955	-0.997705188352569
381.094	-0.03633540947089796	0.7413379239399079	0.3174630281503362	1.0582878048519124	-0.9740546169879738
381.138	0.004059184306798094	0.7537268209647898	0.2780332933540191	1.0557605244879527	-0.993152147927295
381.138	0.04486365594908773	0.7644830027439987	0.23841151243615477	1.0538036182698398	-0.9881051598500444
381.182	0.08606625709477117	0.7736269411106752	0.19881010285093983	1.0550805399874479	-0.9942702726894277
381.216	0.12761049426858048	0.7811275413509695	0.1592783548503524	1.0554895358935925	-0.9865224632095313
381.258	0.16975162839917868	0.7870120460646166	0.11863508956239215	1.0660460406850107	-1.0265131585435527
381.306	0.21215206972105932	0.7911995265234035	0.07774485138133105	1.0649977898166363	-1.0205363344730667
381.35	0.25463697738309343	0.7936366127318898	0.03710619318778623	1.0636446622568612	-1.0158212729759097
381.394	0.29716374178397176	0.7943599820956457	-0.0034211932723368405	1.063572860788019	-1.0126384596166447
381.438	0.3396282330474383	0.7933844002329111	-0.0432886627860664	1.0662495748412903	-0.9449275107841737
381.481	0.38237518227041445	0.7907099954340892	-0.08134528039987986	1.0645747939543928	-0.9477788301643258
381.526	0.4247518139768111	0.7864058477677316	-0.120280317174117	1.0584824576119116	-0.9675199239849795
381.57	0.4668993595208871	0.7804272986991255	-0.16025196963138383	1.0646133304237895	-0.9880617865827577
381.614	0.508833288701372	0.7727915690601093	-0.20048031626768512	1.064354327314797	-1.0054209549647726
381.658	0.5504925113637633	0.7634569708223036	-0.24032091494239735	1.068300284155828	-0.9980241460062422
381.658	0.5915886413604923	0.7524906811683004	-0.27954781671470413	1.054415853178575	-0.9971380949611325
381.702	0.6319000898610287	0.7400612520183711	-0.3192041907897552	1.0552116686472706	-0.9970472511074098
381.736	0.6717170315289791	0.7260230661921462	-0.35911093204320665	1.055633311777793	-0.9991383117203806
381.777	0.7105876722716219	0.710486159061531	-0.4003165944048612	1.045356036031912	-1.0181886966904752
381.822	0.7491407875748993	0.6932617314599556	-0.4400916935011927	1.0560935639701479	-0.9936064398830434
381.87	0.7871054980048733	0.6744467256040931	-0.4802912957772245	1.0593341131749032	-1.0082117862494968
381.913	0.8242743335088498	0.6541004812201245	-0.5206879147794277	1.0557342374672842	-1.0123188408403874
381.961	0.8605437681543834	0.632244033950764	-0.5606926489665939	1.0669149730202139	-1.0198529203692466
382.005	0.8959305197530708	0.6090294509323058	-0.6001450415540296	1.054150799552927	-0.9848174565821395
382.049	0.9302652829420989	0.5845275762261499	-0.6396945472389732	1.0551382911891585	-0.995233820391356
382.093	0.9636484788093093	0.5586470277249301	-0.6794877387140407	1.0569851805737696	-0.9969194940058459
382.141	0.9960046672165105	0.5314452157348921	-0.7196908435704369	1.059002551470083	-1.0084798745420962
382.141	1.027281623779195	0.502900816902804	-0.7598335562175984	1.0580204453598436	-1.0087153720961637
382.185	1.0573505817299371	0.47316231927708396	-0.7998945973383375	1.0570712038780354	-0.991047864688896
382.216	1.0861730609351274	0.4422713544694227	-0.8396496509233361	1.0550842211368927	-0.9946934227060918
382.257	1.1137293537835744	0.4102893002894552	-0.8793999647752706	1.0549654763495415	-0.9925290778340063
382.301	1.1400078739883521	0.3772185373803678	-0.919256850930074	1.055746431920259	-0.9966223946138453
382.345	1.1649689114933297	0.343103700246968	-0.9592042032042831	1.056283396116998	-0.9945469680952678
382.389	1.1885343872035157	0.3080240493927598	-0.9991395375009028	1.0569645668170975	-0.998592280613379
382.434	1.2106672757943915	0.2720472447383593	-1.039045296439664	1.0547639316325934	-0.9977012145779662
382.477	1.2313218436153262	0.2352587830966257	-1.078924246283728	1.0546802218890188	-0.9978733217437579
382.522	1.2505021700755354	0.1976669270258555	-1.118785833106291	1.0552949257115711	-0.9933485960124621
382.565	1.2681723329449834	0.15933394361441006	-1.1586512224795253	1.055762230576191	-0.993843386982509
382.609	1.284294670465704	0.12032867987085438	-1.1984264534843192	1.0549875598843494	-0.9929648091159263
382.653	1.298860861323815	0.08071253971784503	-1.2380705905047622	1.0551019029459354	-0.9902734856272387
382.697	1.3118429075988447	0.04054361438078799	-1.2776475503143658	1.0631015636402321	-1.0183987211152272
382.697	1.3232390246393553	-0.00017115491155270113	-1.317646885622173	1.0526605233119586	-0.9996592536697771
382.741	1.3330338777308448	-0.04138819692504517	-1.3577874666800065	1.0559832925216799	-0.9919587609885205
382.776	1.3411374903819362	-0.08292038907918843	-1.3978624123896757	1.0681136663806892	-1.0434450610339816
382.816	1.3476057060032032	-0.12481863385894656	-1.4381177190350478	1.055697536805178	-0.9816526610999432
382.859	1.3523534636298022	-0.1669799047225505	-1.4782837815103451	1.0684059730016122	-1.0357588189103306
382.902	1.3554375120215894	-0.2094873200871971	-1.519256338160588	1.0630635358438487	-1.0154017257082908
382.947	1.3567602847749116	-0.25207072381303974	-1.560183952152778	1.063662056441722	-1.0183430747439415
382.992	1.35634925547394	-0.2946058332730025	-1.6007302149795661	1.0623035733488146	-1.0079990753935388
383.036	1.3542240275793735	-0.33704148227119846	-1.6407107074036373	1.0644547821798225	-1.0056466127482824
383.08	1.3504123765668823	-0.3798435806911086	-1.679400720012967	1.074344258941338	-0.9911233538244606
383.124	1.3449271208556746	-0.4220192700024497	-1.7193253587929116	1.0645510688972244	-1.0142588190434998
383.168	1.3377588171144217	-0.4641954333387094	-1.7586217266206625	1.064184696213507	-0.9959201659629351
383.212	1.3289732949194653	-0.50584661565463	-1.798884569206575	1.0638492766060101	-1.0056681151131015
383.26	1.3184860399437068	-0.5471693820136094	-1.838938343212778	1.0650024759528185	-1.0061175999338983
383.26	1.3064351761643176	-0.5880916812113083	-1.878308530853982	1.0505671142111868	-1.028617110783674
383.308	1.2928074196988424	-0.6279528743158183	-1.9190167233803386	1.0410660116099835	-1.050639053076471
383.336	1.2776637183392179	-0.6670313309957545	-1.9609880170389562	1.0567055795968083	-0.9957220938847157
383.376	1.2608251941180517	-0.7057924327649506	-2.0011310276983933	1.0578149118522358	-1.0054865272042217
383.42	1.2423507906213604	-0.7439089881057478	-2.0415999964575224	1.0599435568362268	-1.004167051831661
383.468	1.2223352492392074	-0.7812388360473219	-2.081764021114855	1.0577382441846788	-0.989542752135904
383.512	1.2009157537522317	-0.8176658990723226	-2.1216271482222	1.0556399848900149	-0.983623029571875
383.557	1.1781113612424623	-0.8531674039507693	-2.1617090542567015	1.0486600761291003	-1.02369161720673
383.6	1.153957762543529	-0.8876634368532001	-2.2021678257580155	1.0539845107747132	-1.0026015756663111
383.644	1.1284540885362497	-0.9211146877841659	-2.243106459347017	1.0583028431825237	-1.0239352665286394
383.692	1.1014253023030585	-0.9537046673310814	-2.2833556249653832	1.0564352821673006	-1.0038293033357153
383.74	1.0731396121449972	-0.9851369304401475	-2.3233565741072817	1.0566076506975064	-0.987354620438883
383.74	1.0436657378271985	-1.0153636048762298	-2.3631117089463656	1.054362407827188	-0.9907699775349116
383.788	1.0130552607646364	-1.0443699400196425	-2.4028211729343685	1.0543814698099094	-0.9993637285863349
383.816	0.9812975597144006	-1.0721520486732745	-2.442760721589376	1.0546070194837245	-0.9984830814131558
383.856	0.9484309285998139	-1.0986679176582073	-2.482806174484447	1.0563362095980966	-1.0017264667660821
383.9	0.9145193936942428	-1.1238504224375914	-2.522780529481463	1.0572834411043	-1.0017765571998392
383.944	0.8796467511810033	-1.147634491513404	-2.5627553142642383	1.0546343421744702	-0.9982627237969599
383.988	0.843874172282223	-1.1699913386192402	-2.6026446180307907	1.0546562365585734	-0.9952054356098485
384.036	0.8072345951191231	-1.1909121365345325	-2.6423241388557175	1.0549325402304497	-0.9905544475120772
384.08	0.769789486738416	-1.2103704530792978	-2.6820659440404437	1.0547644561693081	-0.9932247915641383
384.124	0.731593405416527	-1.228328425549514	-2.7218360194020166	1.0549961422827674	-0.9933906907216246
384.168	0.6927123480658088	-1.2447523212908393	-2.7615466335468857	1.0546066305487327	-0.9903599916877006
384.212	0.6532143021491204	-1.2596105115809453	-2.801179653514594	1.0551619797027576	-0.9892101745128407
384.26	0.6130659210634762	-1.2729254891509776	-2.840993408737843	1.0634267992655302	-1.0029722004428858
384.26	0.5725102205567154	-1.2846134224698327	-2.880630049877985	1.0548334053952495	-0.985922303557612
384.308	0.5315344741667296	-1.2946786355887756	-2.92012280945587	1.053269813013746	-0.9810250254401699
384.336	0.4899283723994144	-1.3031578892474436	-2.960530047465074	1.0635056920894321	-1.017719149329395
384.38	0.44787145236737924	-1.3099786452223203	-3.0015258090191805	1.065986470788501	-1.0298372795159454
384.428	0.4055883887075384	-1.315065147569007	-3.0423791211377558	1.0670569803760297	-1.0293629717845647
384.472	0.36314207042951546	-1.3184186538310287	-3.0831729546981568	1.0638389517380349	-1.0166569951333868
384.519	0.32062871358787026	-1.3200439547699396	-3.1237287722331475	1.062387776778304	-1.0083212894791007
384.567	0.2781100967298196	-1.3199444448046966	3.119022610705965	1.063563027587032	-1.0094077780194888
384.615	0.2355543649852686	-1.3181372012194288	3.0792427387908377	1.070311373961789	-0.97373495935066
384.663	0.19297266247603206	-1.3146205589918238	3.0399294549015834	1.0696145579753282	-1.0015337943580431
384.663	0.1506542688463527	-1.3094648299190843	3.0001245611110465	1.0622083957372177	-1.0016578081050627
384.711	0.10861321214724313	-1.302611974703898	2.9606619058299137	1.073765837937686	-0.9539164861770132
384.736	0.06668299333261776	-1.294091671599044	2.9211561374581345	1.0672407757115083	-1.006884707294194
384.783	0.025326952004633183	-1.2839592020262418	2.88080307527906	1.0649792044967163	-1.0134207291243067
384.827	-0.015606352551015182	-1.2721357784787268	2.8407943061205305	1.057176593953288	-0.9939102260389379
384.871	-0.05564316518638748	-1.258834203276741	2.8008264396127323	1.0562467894284564	-0.9916445470652117
384.915	-0.09521679199466698	-1.2439083361793946	2.761451244904444	1.0580206542217288	-0.9811565269932161
384.959	-0.13416880879330711	-1.2274444414160928	2.7222901439341083	1.0558263994750328	-0.986450145612504
385.003	-0.17251757678233123	-1.2094248799181622	2.6822772107936466	1.0604098336750354	-1.000611722450212
385.047	-0.21013828331741072	-1.1898244707065389	2.6421377830338657	1.0604151116875369	-1.0007012327678875
385.091	-0.2468318362881209	-1.168745892322505	2.6022720910570234	1.0529143485516779	-0.9815072543237713
385.135	-0.2825969485560077	-1.1462822143446403	2.563319828620855	1.05700436380571	-0.9890833411615044
385.179	-0.3173210576779939	-1.1226406871192047	2.5222788385229653	1.0531589263556649	-1.0250840276609072
385.179	-0.3512910947244864	-1.0973596694542969	2.4818258324888496	1.0573684044260214	-1.011757716436531
385.223	-0.38423500260486704	-1.0707240966184886	2.441339631754892	1.0585135217791637	-1.0119242692332884
385.255	-0.4160232760119468	-1.0428272752384327	2.401043688477157	1.057511968594485	-0.999774161920413
385.299	-0.4466235071028711	-1.0136988071605266	2.3609577870944487	1.0555492179766572	-0.9933524488499581
385.343	-0.4760145700413482	-0.9833878353934793	2.321433479115399	1.055217450940308	-0.9949659568748552
385.387	-0.5041975905497473	-0.9519525772400094	2.2815697936812565	1.0516501472632953	-1.0111273946832402
385.431	-0.5310011235660548	-0.9195206307899114	2.2409191276201392	1.0570564048772573	-1.0004411414499599
385.479	-0.5566453073772214	-0.8858131361531321	2.201016503564933	1.0585882844106074	-1.0001958906751784
385.523	-0.5808804430237353	-0.8511498119748948	2.1611565239868264	1.0547402319649297	-0.9966794500340734
385.571	-0.6036845005549251	-0.8156032793601121	2.121283873123372	1.0566374415636197	-0.99199025584533
385.615	-0.6250587362282809	-0.7791622496990259	2.081480388979601	1.0554530361750387	-0.9950655913551014
385.658	-0.6449526443428355	-0.7419122106439804	2.041656857831453	1.0548681171007805	-0.9974632390746262
385.658	-0.6633376619931503	-0.7039249652456582	2.0018161838186397	1.0546288953445426	-0.9923020627195631
385.703	-0.680197244336913	-0.6652336408470092	1.9621011820075822	1.055430416409722	-0.9931584045700272
385.736	-0.6955035931212219	-0.6259059884660243	1.9224448020185787	1.0548643011208363	-0.9909230137284986
385.778	-0.7092517038750831	-0.5859941901893099	1.8827852933071962	1.0547184216184067	-0.9929619614895433
385.822	-0.7214028200890329	-0.5455705179639674	1.843030841397508	1.0551754554317583	-0.9963260304262391
385.866	-0.731942391879976	-0.5046930647657899	1.8032578778131463	1.0550369993679194	-0.9939844548082332
385.91	-0.7408370567903931	-0.4634179901525359	1.763636345351827	1.0555063667820277	-0.9860805285072152
385.954	-0.7481205785713056	-0.4216764647562775	1.7237805340485965	1.0627555225601861	-1.0157880002834525
385.998	-0.7537466866359795	-0.37944761619797307	1.6828286122730045	1.0648692326453844	-1.0225482354857638
386.042	-0.7576498353749236	-0.33708699323641883	1.6421890875958145	1.0653201761962174	-1.0222762759396715
386.086	-0.7598342501870557	-0.2946180705193329	1.6016249092668267	1.0629119610458158	-1.0161924024572981
386.13	-0.7602866696709281	-0.2520632423312381	1.5609930741284026	1.061786469712328	-1.0029999960684002
386.178	-0.7590058400617842	-0.20951031521988173	1.5205683505699632	1.062519553325201	-1.0027230946603134
386.178	-0.7560148530010082	-0.16696617997400354	1.4808711786573758	1.0702758330933746	-0.9878603412800772
386.222	-0.7513478282309224	-0.12466395313532438	1.4413348606415266	1.061652447358598	-0.9980480080706058
386.256	-0.7449891207122187	-0.08257160739204131	1.4013877583108776	1.0671761342273556	-0.9809266433628505
386.298	-0.7369916528188012	-0.04071188081967578	1.3617187432780409	1.0608368836386644	-0.9851184366336239
386.346	-0.7272792465364303	0.0007873574746325857	1.321826412517803	1.0638055922128016	-1.0028525283043224
386.39	-0.7159649610840275	0.041826923329380136	1.2814981809381631	1.059367118582566	-0.9906291782290534
386.434	-0.703078940797072	0.0821199088761958	1.2418542458015938	1.0563087081093583	-0.9874536239819091
386.478	-0.6886443844681328	0.12175828231160168	1.202085410052695	1.0562993958567324	-0.9889232087617514
386.522	-0.6726081738381157	0.16092221145966337	1.1626756235002162	1.0702145115170245	-1.0124147521487898
386.57	-0.6550333183340254	0.19950873166978328	1.1232025945434514	1.0588828990738246	-1.0033884876166506
386.614	-0.6359167000319625	0.23734686036160768	1.0830347115324503	1.0577833907768839	-1.0118705380962079
386.662	-0.6153526593522997	0.2743186684506548	1.0423460123316137	1.0575453602840044	-1.027237626192552
386.662	-0.5932800497373774	0.31035589116814605	1.002452692317054	1.0564823015762084	-0.9832246852915031
386.703	-0.5697944048344776	0.34554158312786504	0.9626039334202783	1.0616857631915548	-1.0167587462518126
386.735	-0.5448700457173821	0.37986328530659963	0.9223045699281361	1.0559650575607804	-1.001145904457835
386.781	-0.5186626472184968	0.4130499294200001	0.8822861386284881	1.0590697845892456	-1.0041283037687208
386.829	-0.49117384456746116	0.44516378963079467	0.8424245433910195	1.0584203060496988	-0.999004379990602
386.873	-0.46235980486184397	0.4762013158101194	0.8023234351779039	1.0585770915447026	-1.0034378280264875
386.921	-0.4323335118438057	0.5060434824303852	0.7622125266478078	1.057232812915657	-1.0042042880383313
386.965	-0.4011789637061922	0.5346033373072484	0.7223900078446017	1.0551880716137956	-0.9894314175898897
387.009	-0.3689845043483532	0.5618383069462686	0.6827148205126963	1.0544557898517075	-0.9898188896018245
387.057	-0.33573490176578785	0.5877927163431873	0.6430444856908897	1.0544323527346176	-0.9928114163542859
387.057	-0.3014800079188891	0.612398544002145	0.6031942068659208	1.0545808576096527	-1.001202112491028
387.101	-0.2662611384436696	0.6356245577048912	0.563206646924293	1.0541844791374422	-0.9973765228866558
387.136	-0.23012261712986232	0.6574372550162344	0.5232481896460426	1.0548129323395237	-0.9971939616818589
387.177	-0.19316612288417034	0.6777729992804948	0.4834294145301509	1.0544431260001839	-0.9921163836361944
387.221	-0.15543176744539866	0.696628170085598	0.4437076469135994	1.0549983918269321	-0.9927818578758281
387.265	-0.11683834727302818	0.7140328326953505	0.4036035609414824	1.0550987460550902	-0.989815248848149
387.309	-0.07748239781378707	0.729920907041312	0.3634350511976345	1.056040245606151	-0.9874755708345089
387.353	-0.037585646300701436	0.7441769445982693	0.32314220853778003	1.0548884281106363	-0.9880008505330131
387.397	0.002948938356596653	0.7568509888486891	0.2825022906481117	1.0561354523356439	-0.9851066498535813
387.441	0.04402562899118484	0.7678757821300732	0.241681363849629	1.0560858702434177	-0.9856517658199099
387.485	0.08536619688269889	0.777170434635097	0.2015686989666755	1.0673067240086727	-1.0354353805462861
387.529	0.127132429987952	0.7848204062681351	0.16107627390394738	1.0679458081992383	-1.0378333808019675
387.573	0.16895637082916226	0.790789011725555	0.12141360656697658	1.055604556107676	-0.9880570466745314
387.617	0.21122722465641952	0.7950553790652873	0.08091599087610969	1.0678888038705936	-1.0334894393630998
387.617	0.25375528636188643	0.7976459101115181	0.040008238528977565	1.0683880541391904	-1.038716818470585
387.661	0.29635963201779014	0.7984743150501746	-0.0008781166194552589	1.0639076121348836	-1.0147070004028516
387.695	0.3388982973166235	0.7975785506982895	-0.041351917095165815	1.0640811944075224	-1.0110123354027152
387.741	0.3812567270848253	0.794955912540531	-0.08122224238216721	1.0615848253807845	-1.0023767615612122
387.785	0.4235315775697555	0.7906560780570058	-0.12125491534103994	1.05898459705188	-0.9850229752371337
387.829	0.4657685742324994	0.7846508887858725	-0.16066531298839581	1.0764624130123257	-0.9643580640541684
387.877	0.5080940491562166	0.7769572158782654	-0.19908511823435251	1.0766215066385347	-0.965098581981058
387.921	0.5500298694915213	0.7676638715516606	-0.23745717617568413	1.0766699099342745	-0.9680100997104311
387.965	0.591623838917659	0.7567678072909918	-0.2758776732231537	1.0725483795521518	-0.946091888381755
388.013	0.6325582787736193	0.744310633143455	-0.3155274543228473	1.0651057988478583	-1.0135886913600676
388.057	0.6727869184449082	0.7302774520111328	-0.35598836339570983	1.0653561818402093	-1.0084243776939197
388.057	0.7121426051183629	0.7147541167631728	-0.3957863917280786	1.0580786868219363	-0.9837452505719515
388.101	0.7508543533884959	0.6976846868156504	-0.4355196162419693	1.055298916033735	-1.0053525546619135
388.136	0.7887883478228032	0.67908976649493	-0.4751978425811872	1.0554449068543303	-0.9919050472792968
388.177	0.825951461237936	0.6590522592881685	-0.5149723077644669	1.0573614437975616	-1.0212904940376837
388.221	0.8623679767063154	0.6374717118978525	-0.5555810369885769	1.0560094233471276	-1.0221616439858268
388.265	0.8978592520446781	0.6144517385314977	-0.5963066584624096	1.056993458681582	-1.0153744648288858
388.309	0.9323469016469718	0.5899919486813011	-0.6367809684447733	1.0584845232524849	-1.007812811769669
388.353	0.9657859670360265	0.5641678121514644	-0.6771896259359238	1.0551644763774435	-1.0037109446830152
388.397	0.9981742495273265	0.5370001536756268	-0.717389961262441	1.0573636551359655	-1.0010514321781057
388.441	1.029312892330959	0.5086675048346361	-0.7583852009033247	1.0586257573707103	-0.990220313657382
388.485	1.0592553682631072	0.47911741005345043	-0.7987983421671747	1.0491098823944704	-1.0861848617826106
388.529	1.088033595508159	0.4483554299371448	-0.8400142704427237	1.0578569412015433	-0.9942615791731427
388.573	1.1156363101616187	0.4163098094857586	-0.8800639479942629	1.0587248488259213	-1.003464627345937
388.617	1.1419064170185083	0.3831961264199179	-0.9201035158939025	1.0566543161046444	-0.9989012360605332
388.617	1.166807664248062	0.3490864075495713	-0.959940703446664	1.05523408485518	-0.99595677629067
388.661	1.1903185486222754	0.3140325099378668	-0.9997812996210055	1.0550218670013	-0.9954046032795955
388.696	1.2124187013933676	0.27806567431469337	-1.0396783883929999	1.0550927382866764	-0.9952688229147503
388.736	1.2330686816824712	0.2412377132580705	-1.0795961982572844	1.0555774479617008	-0.996026849528031
388.78	1.2522138758935906	0.20363703263665714	-1.119396500508131	1.0547920009190361	-0.9940274611139758
388.825	1.2698646563662899	0.16529224029181352	-1.1591770050623524	1.054638018373595	-0.9918713433193804
388.869	1.2859666003784185	0.12629054721806066	-1.1988991324227078	1.0570787796130585	-0.9975269090610123
388.916	1.3005153352787107	0.08667326439640574	-1.2386247552890208	1.055282116159355	-0.996081940661846
388.964	1.3134844677545439	0.046499757173979486	-1.2784739882191827	1.0556165943429134	-0.9967174441371532
389.008	1.324833913022188	0.005830611406898639	-1.3182116344322794	1.0552864007301936	-0.9907509561966914
389.052	1.334585789335549	-0.035360126905399886	-1.3581991447944153	1.0537076797307106	-0.9804416126852626
389.096	1.3426926778294412	-0.07701002067469236	-1.3985234866588259	1.0614358048891828	-1.0072106113229853
389.096	1.3491271222111605	-0.11896527737608384	-1.4388193604488873	1.0581236599298245	-0.9985997238377596
389.14	1.3538584012801123	-0.16102563186905208	-1.478687561039268	1.0541815866655773	-0.9799994581957829
389.176	1.356923348025331	-0.20338817355983854	-1.5190877790709265	1.0679025417922616	-1.0367896460180683
389.216	1.3582590306458822	-0.24567243445362297	-1.5589596841324247	1.0668053829477004	-1.0292586966624202
389.26	1.3579134939745712	-0.2881171684004543	-1.599254952372223	1.0660199212735253	-1.021317319898021
389.304	1.355815496277407	-0.330731383718898	-1.6402617443839353	1.0646533414051593	-1.0130214155486386
389.348	1.3519965888056542	-0.3731439843785226	-1.680219661962129	1.0685959186921126	-0.9860731055121101
389.392	1.3464885413927814	-0.4153314051563134	-1.7196873961290113	1.0598160220360322	-0.990302347575376
389.436	1.3393515874385307	-0.4570425457645587	-1.7590343414038967	1.0618608650183008	-1.0002182103039834
389.484	1.3305407387734365	-0.49870540869150454	-1.7996178677730057	1.0618767029866814	-1.0120380169379428
389.532	1.3200646936431426	-0.5399377121716442	-1.8398426300355215	1.063416369830509	-1.0039082777708201
389.58	1.3079650368808273	-0.5806712956146551	-1.8794183554843096	1.0650991967058796	-0.9925353091842182
389.58	1.2942561271082547	-0.6208962260814215	-1.9189211939350534	1.0671166871179585	-1.0190197783967934
389.628	1.278919344961373	-0.6606993266266786	-1.9594110415350319	1.0662561376701536	-1.0278131421026049
389.656	1.2620543297578974	-0.6996986580517885	-1.9995905599595027	1.0611286171573224	-0.9919858808422413
389.696	1.2436320741278233	-0.737885751070837	-2.03976237285723	1.0581286811092716	-1.003892750406847
389.74	1.223666688899843	-0.7752338970525228	-2.0796184426662117	1.0619586171919235	-0.9867124928864677
389.784	1.2022454308975759	-0.811902279524216	-2.118876253867596	1.063519079299326	-0.973003381243018
389.828	1.1794562082702116	-0.8476518757148138	-2.158256982052842	1.055339429326069	-0.9889310914599786
389.872	1.1553562798678259	-0.8823530245366005	-2.198322516157563	1.0591638345407015	-1.0108839888823093
389.916	1.1298024440133827	-0.9161328868719604	-2.23845192044137	1.0570631690349301	-1.0035639267793754
389.96	1.1029491244395129	-0.9488257153021429	-2.2785788497567836	1.0556759823797512	-1.0053086366801665
390.003	1.074843744993316	-0.9803633713237531	-2.3185586012517607	1.0548275685594923	-0.9986100277091554
390.047	1.0455175692675773	-1.0107240198926384	-2.3583651109363934	1.0544300975472982	-0.986900463506324
390.091	1.0150393378235878	-1.0398776984754265	-2.397805449655744	1.0545689050556044	-0.9877393884733834
390.135	0.9834222299540727	-1.0677934046890478	-2.4383011417991023	1.0526868529980742	-1.0614637560077318
390.179	0.9506757795962466	-1.094458292796918	-2.4784951138555504	1.0567994557642229	-0.9950136842784755
390.179	0.916792231695037	-1.1198637921121204	-2.5183470119293427	1.0592939266774997	-0.9967141775741196
390.223	0.8819371730980398	-1.1438772051078019	-2.558206498013783	1.0570727471106398	-0.9931741490113033
390.255	0.8462574065473942	-1.1664026496600879	-2.598041199835709	1.0547180030201724	-0.9961269001277118
390.299	0.8097214501383388	-1.187482316945152	-2.6377638846425935	1.0545053687494388	-0.9933864623933666
390.343	0.7723699184603177	-1.2071045205491182	-2.6774811762364608	1.054770825170303	-0.9902751573868519
390.387	0.7342614944228184	-1.225237143645409	-2.717222708736497	1.0557835781624971	-0.9943215303271136
390.431	0.6954572022405132	-1.2418399126375337	-2.7569223990226273	1.055090148952945	-0.9916718557679782
390.479	0.6559702095007809	-1.2569296323009678	-2.7965645372341656	1.057416171107381	-0.9931256464776926
390.527	0.6159459389408981	-1.270417241690173	-2.8360148770566753	1.0578910199180755	-0.978950923554779
390.571	0.575430812503889	-1.2823227867475537	-2.8756754273456275	1.0550702402342722	-0.9916043641397213
390.615	0.5344829721420981	-1.2926013072657583	-2.915394770541432	1.0558450827826003	-0.9921071459477059
390.659	0.49315959839319057	-1.3012307826003702	-2.9549302106877002	1.0555022037522472	-0.9858881923146958
390.659	0.45128524024885125	-1.3082599352908861	-2.995174746988337	1.062088432518295	-1.0111465145401402
390.703	0.40913575663701957	-1.3136104609313162	-3.035559257609064	1.0680333316153323	-1.0353871499447835
390.735	0.36672286890931816	-1.3172581906805485	-3.076374608586079	1.0639888511467082	-1.0190995729457528
390.779	0.324251947687554	-1.3191808526486641	-3.1169642083886737	1.0630712585596918	-1.018166088723705
390.823	0.2816854408383751	-1.3193681050422044	3.1255473397116216	1.063292935251547	-1.0122671448854896
390.867	0.23913937359768833	-1.3178227106532654	3.085213984999645	1.0657872836807016	-1.0003728224201274
390.911	0.19640000863129953	-1.3145738960873752	3.0462352373938835	1.067326107656658	-1.008908917265178
390.955	0.15420178012129632	-1.3096640879005177	3.006190022510385	1.062649149242687	-0.9926770021922704
390.999	0.11217850614036391	-1.3030620795719503	2.9664145944579183	1.064535715908199	-0.9804811568388443
391.043	0.07041465910713378	-1.2947812091105793	2.92681946144087	1.0658337348063098	-0.978050084427281
391.087	0.028971619297740295	-1.2848683432178554	2.8874695844108653	1.0636101190473486	-1.0032926351943094
391.131	-0.011839611262379077	-1.2734047600890221	2.8474677391158933	1.05388871050846	-1.0057075982298411
391.175	-0.05205151801796042	-1.2603395249656222	2.8079817490149934	1.0567240577427475	-0.985010539795954
391.219	-0.09172791832627858	-1.2457046866126646	2.7686546298877204	1.0573860078278368	-0.9820686105629652
391.219	-0.13093289640927863	-1.2294684280062742	2.729050957164269	1.0612427056778877	-0.9855364496569734
391.263	-0.16943718573432215	-1.2117109366616055	2.6892195345450878	1.060321668042429	-0.9964087874941873
391.296	-0.20718554346758478	-1.1924019783808044	2.6490139585825125	1.059518656476266	-1.014895471296397
391.339	-0.2440816974720401	-1.1715532917106528	2.6090490742878747	1.064952897858731	-1.0082150509405967
391.383	-0.2801755243204338	-1.1492858744270198	2.569600182215979	1.0643250382575193	-1.0281137072363455
391.431	-0.31531870440727927	-1.1256619716309357	2.529837669424553	1.0597498098503553	-1.0053885440487063
391.475	-0.3494187513374548	-1.1007453122305664	2.4900433572773912	1.0572905264706085	-1.003682654486027
391.519	-0.3825410457956059	-1.0744347998794712	2.4495689232096463	1.0612286316785946	-1.0094190947837
391.563	-0.414618915105315	-1.046746791573607	2.409291219793399	1.058172091232216	-1.0028133840014648
391.607	-0.4455031998291903	-1.0178417461107825	2.36913220875753	1.057457247386361	-0.9900910687338974
391.651	-0.475167784724722	-0.9877458816953918	2.3292324031304896	1.055715085782024	-0.9964035086786354
391.694	-0.5035981738700408	-0.9564755226707856	2.289526191588095	1.065009061216371	-1.013718017043001
391.738	-0.5308200862596619	-0.9241247430214529	2.2497473153691585	1.051575583672606	-1.0097904621616252
391.738	-0.5565820660242515	-0.8908292143476473	2.20932969817847	1.0571678237010955	-0.9982252714637115
391.782	-0.5811365100764986	-0.8563371720752787	2.1694449827124465	1.0590507136329295	-1.0015736809447733
391.815	-0.6042813593487092	-0.8209078649868728	2.1295907840366177	1.056347944294747	-0.9971749734457289
391.861	-0.6259382495677163	-0.7846749281737189	2.0897758128613173	1.0558578850094806	-0.9981506651658102
391.909	-0.6461609410102024	-0.7475718918016198	2.0499970028595804	1.0558019258209848	-0.9933601999915638
391.953	-0.6648779664170658	-0.7097280018438306	2.0100221116721886	1.0567243746315047	-1.002442602739809
391.997	-0.6820530442393283	-0.6711683142734531	1.970233669814475	1.0553580367042321	-0.9937182735744717
392.041	-0.6976816423792952	-0.6319652220796378	1.9305856931142051	1.055188333507247	-0.9907638954490974
392.089	-0.7117693852094259	-0.592139071730742	1.8909468654564565	1.0565852540209533	-0.9861504926597657
392.133	-0.7242573106162733	-0.5517910235391777	1.851509148096436	1.0575425370468932	-0.9793292121092461
392.177	-0.7351434148782068	-0.511000353752493	1.8117854734641716	1.055285536627121	-0.9948900482902595
392.177	-0.744398564355474	-0.4698146507208335	1.7719871425237104	1.0552300906576755	-0.9923973883745631
392.225	-0.7519980427140005	-0.4282914141416395	1.7323655601127577	1.0557132478526994	-0.9848989345856229
392.256	-0.7579619616212414	-0.3862970517701745	1.6922475317574488	1.0681207976371458	-1.0328018603844733
392.297	-0.7622681594100174	-0.3441216944949445	1.652365263758489	1.0627986086292236	-1.0098162964033695
392.341	-0.764875237801377	-0.3016604289105078	1.6120017795844357	1.0609243719484955	-1.008626533956321
392.385	-0.765778190351111	-0.25914902302893134	1.571361066270263	1.0632205491250357	-1.0167714168466773
392.433	-0.7649618024117225	-0.2167247045791644	1.5312130001873554	1.0549822250643524	-0.9890470839871064
392.477	-0.762415172876705	-0.17440436698160408	1.4907830357257843	1.0602936306921007	-1.007997929402561
392.521	-0.7581642755410205	-0.13216843486751972	1.4508279047263077	1.063156199470956	-1.0008013127794921
392.569	-0.7522042529557685	-0.08999307952246688	1.410968623132225	1.0652012797150499	-1.0109468424930497
392.617	-0.7445825720792757	-0.048093602472125185	1.3706990582149705	1.0668268948125132	-0.9977909983506452
392.617	-0.7352654490910001	-0.006606078493459497	1.3310039256074762	1.0624476046464228	-0.9982532018807677
392.662	-0.724356418138029	0.034472653760674585	1.29049432128567	1.0681036036789164	-1.0220120001099446
392.696	-0.7118755543893782	0.07486548299461178	1.2506557407705103	1.0531797492149833	-1.0090063455691989
392.737	-0.6977865441572736	0.11462433550253824	1.2106354201520044	1.054780921602867	-0.9963318121611621
392.781	-0.6820998957193561	0.15387126112802166	1.171208882543572	1.0604870072972923	-0.9911393573563894
392.825	-0.6648073165235088	0.19268799572347417	1.1312559555660318	1.063309242164801	-0.9894990438080961
392.869	-0.6460005608560487	0.23071138566393673	1.0914126873913945	1.0610116506903873	-0.9889112774071963
392.913	-0.6257006530989717	0.26792885182911397	1.0514829535232324	1.0558582695176653	-0.9971967912998949
392.957	-0.6038863567872658	0.3042757549895924	1.012775954278372	1.060650945288447	-0.953383569581151
393.001	-0.5807620521387032	0.3396880593303224	0.9738308488424827	1.0541079938772708	-0.9927523580524171
393.045	-0.5563536873326167	0.3741243118783515	0.9335554014641938	1.054989568625282	-1.0131955556886643
393.088	-0.530487210047264	0.4076444864404534	0.8932444219271438	1.0583693176461675	-1.004883294589962
393.133	-0.5032969612622011	0.44008708230643234	0.8530992031840249	1.0577298608844807	-1.0095282366352643
393.177	-0.47486573173647595	0.4713579266647418	0.8131916328064199	1.0549817161662254	-0.997162892763875
393.177	-0.4452523394708043	0.5014193461859191	0.7735570261143998	1.0542306181127445	-0.9870203187685648
393.221	-0.4144565817823894	0.5303204769953161	0.7338316600928044	1.0552527606230357	-0.9914250618286754
393.255	-0.3825598958519355	0.5579525161109669	0.6940728258440353	1.0550997882798363	-0.9993497139145796
393.297	-0.3495315811127967	0.5843487894790153	0.6541031965277662	1.058294937945226	-0.99537240983767
393.341	-0.3154188642253389	0.6094499924930262	0.614293187328695	1.0576794140118342	-0.9944177048203946
393.384	-0.280414487185154	0.6330921801862007	0.5744113260248024	1.0544798606157726	-0.9962845526676354
393.428	-0.24454360050467078	0.6552881421680394	0.5346471084007686	1.0544911874413958	-0.9904284916287133
393.472	-0.20781937077259638	0.6760539788041096	0.49494193733547737	1.0554191996046463	-0.9944522125168771
393.516	-0.17016117661673447	0.6954088099993249	0.454981721097205	1.0564759144293876	-0.9852071735001315
393.56	-0.13189493387862122	0.7131825560165128	0.4153799776593621	1.054633330008682	-0.9923887571434067
393.604	-0.09295003833543185	0.729434076091375	0.3757595909226895	1.05728305676292	-0.980486248749673
393.648	-0.053348695207709115	0.7441628965573801	0.33623353884795304	1.0547639986068325	-0.9904170898857322
393.692	-0.013224337968128053	0.7572948539813392	0.2967671529292165	1.0566439724980468	-0.9874212677215937
393.736	0.027383373271861425	0.7688307027508186	0.2570761978232711	1.0550455519065678	-0.992077554022547
393.736	0.06842388674223845	0.7787432923773764	0.2174446512153804	1.0549584231491633	-0.9922914232617468
393.784	0.10988791341671937	0.7870112064153802	0.17771980653885777	1.067968888422908	-1.0311757518312676
393.816	0.1519602647607789	0.7936953716170869	0.13677147104263807	1.0681821030783296	-1.0392328319908084
393.856	0.19411873713682165	0.7986375699579691	0.09653730308923779	1.0610186501221714	-1.0054475487118635
393.904	0.23659037837257635	0.801893517467839	0.0558489625302297	1.0647639779108475	-1.0208174115087438
393.952	0.2699573656320681	0.8020470248273931	0.0389542209948161	0.6132516450663459	0.348459683553876
394.0	0.28566350967357984	0.801925246886792	0.07619910667759448	0.18048941656215597	0.8271197089932091
394.048	0.28651582318028135	0.8013870789626868	0.09015022536192371	-0.036522947624358405	0.1869352174796385
394.096	0.2851523169370518	0.8012800240148545	0.09688393536231484	-0.03285770133798865	0.1574734485893146
394.096	0.2853209609900234	0.801311854231283	0.0987894262530143	0.01203598234534374	0.037040247146927184
394.144	0.28580397653792977	0.8013131785630427	0.10031164594468536	0.0027992628535793117	0.0001634464464667757
394.176	0.2860285890620367	0.8013375801902307	0.09978969611469658	0.008722794158525227	-0.024002584595429418
394.216	0.28624179679176404	0.8013731809615886	0.09980774299155587	0.007053574598974293	0.019657459485742296
394.26	0.2864559840864756	0.8013826624703115	0.09992092692962341	0.0064436464035572865	-0.02212983617147486
394.304	0.28658021169944964	0.801393454774707	0.0998574037836121	0.002500611026013597	0.0006016723088491204
394.348	0.2866734562882434	0.8014041453278149	0.0998370036882429	0.002290807961022789	0.0003485365337816139
394.391	0.28676222292347897	0.8014108582499312	0.09985482800190454	0.0021182391455317365	-0.00031988131260724824
394.435	0.28684190461239495	0.8014186260121813	0.0998474537823631	0.0019454443572669386	5.60398638358138e-05
394.479	0.2869152415320498	0.801425874479566	0.09985234773954851	0.0017410436128605848	0.0002621495275916604
394.523	0.2869813682145538	0.8014319866804455	0.0998520873176231	0.0015851713734271618	-0.0001227068416794979
394.567	0.2870406790868267	0.8014376846353156	0.09985253920438333	0.0013992017499588876	0.00022542977420582862
394.611	0.2870936895572443	0.8014425407323069	0.09985527527034466	0.001233959255986906	0.00026616022973010146
394.659	0.2871392999158051	0.801447177860741	0.09985104788061357	0.001066593345631688	0.00021284154807682746
394.659	0.2871793266219028	0.8014504255125008	0.0998497869008252	0.0009012030065570249	0.0002253593447824918
394.703	0.28721201624668075	0.8014529014750607	0.09985198896159957	0.0007415772617477051	-0.00029123160166212505
394.736	0.2872380491214413	0.8014561269013953	0.0998530437016794	0.0005780967421803043	3.450553017407434e-05
394.783	0.2872585987600133	0.8014574610595046	0.09984926314345965	0.0004475019629426325	-0.0008759613897288605
394.827	0.28727203677267277	0.8014582527057834	0.09985345742523154	0.00025857169373959477	-0.0005471787378391284
394.871	0.28727940660024653	0.8014585690524703	0.09984586530020166	0.0001200645087721813	1.984287159785002e-05
394.915	0.2872806453124096	0.801457067208937	0.09985503455878078	-6.49775668135717e-05	0.00030358253731594965
394.959	0.28727471266041205	0.8014575053739512	0.09985062708649851	-0.00022286245827923376	0.0002398905095117415
395.003	0.28726366634841066	0.8014550039520566	0.0998504034050618	-0.0003774716362353675	0.0002893362150968946
395.047	0.2872451810484148	0.8014528389158696	0.09985033860866036	-0.0005416515112564312	-0.00037136537112801956
395.091	0.2872207240482023	0.8014501304318116	0.09985442095141059	-0.0007039429724338359	0.0007755530694623901
395.135	0.2871897194006189	0.8014468356933145	0.09985316022814064	-0.0008731036001728027	-0.00014989131185183768
